angle,peak_position,std,gauss_center,centroid,temp,humid
49.99999,715.2462244999999,15.87769317177166,3693.156655,650.3829305000002,22.68,51.5
49.0,687.2660725000001,0.8416044730862614,3701.6157900000007,673.0953314999999,22.62,51.5
48.0,692.3841599999998,0.6934096097545804,3697.9882000000007,695.8926309999999,22.68,51.5
47.00001,720.0101229999999,0.6837726382073103,3670.292575000001,729.9453835000002,22.62,51.5
46.00001,771.482912,0.6103201121837368,3624.0102999999995,781.308831,22.62,51.4
45.00002,840.4682555000002,0.5693237075028201,3551.39564,851.5422060000001,22.62,51.5
44.00002,941.5682770000001,0.557697917551251,3452.7753300000004,946.3868974999999,22.62,51.4
43.00003,1070.9035,0.773676576484015,3328.2187099999996,1067.0336100000002,22.62,51.5
42.00003,1235.4704649999999,0.8484631602344226,3163.5034400000004,1187.26402,22.62,51.5
41.00004,1426.024875,0.9499609749221614,2990.797065,1263.50391,22.62,51.5
40.00004,1632.1382749999998,0.7611071953904168,2874.0760450000002,1277.9395350000002,22.62,51.5
39.00005,1846.789945,0.8075310015565683,2747.7937799999995,1244.266875,22.62,51.3
38.00005,2062.9968450000006,1.1704236662315979,3061.519145,1138.3999000000001,22.62,51.5
37.00006,2352.9412149999994,0.8312304495596123,3743.099005,688.3429300000001,22.62,51.4
36.00006,2479.2097650000005,1.2793802410835349,4389.40127,5.844909780585,22.62,51.4
35.00007,-2492.945085,14.164755992295616,4367.254915,28.839660900000002,22.62,51.3
34.00007,-587.7879999999999,5.709408478057073,3672.4366899999995,701.0366105,22.62,51.3
33.00008,-420.17160699999994,175.85425328136006,4024.7807250000005,419.7188955,22.62,51.3
32.00008,-294.52814000000006,8.589327039926939,4331.0764,202.987806,22.62,51.2
31.00009,-144.75782399999997,4.653668860197726,4419.492585,94.76002205,22.62,51.1
30.00009,14.271643199999996,9.116728463713615,4396.506015,83.01077950000001,22.62,51.2
29.0001,83.1994023,1.8429466125008922,4339.113345,96.9583855,22.62,51.1
28.0001,93.77237475,1.1461420264276516,4284.720200000001,130.80238074999997,22.62,51.1
27.00011,182.5291635,8.572294139360986,4243.1065,158.781042,22.62,51.2
26.00011,157.0044785,1.5841379878384174,4214.88082,182.09525200000002,22.62,51.2
25.00012,151.804381,1.4472598601837223,4190.14413,203.907558,22.68,51.1
24.00012,154.26624700000002,1.90828451472284,4169.642089999999,226.2004745,22.62,51.1
23.00013,123.935022,1.0957181058219294,4161.2383,236.470642,22.62,51.0
22.00013,104.40147700000003,1.3848908228569847,4150.023615,247.57367000000005,22.62,51.1
21.00014,356.7142705,7.0097358051409255,4148.0699,250.584044,22.62,51.2
20.00014,40.547448,1.4585986932585997,4144.965665,252.41241399999998,22.62,51.1
19.00015,188.759436,2.1442844074571856,4142.699680000001,255.539464,22.62,51.0
18.00015,299.4205215,2.388203924113844,4144.577375,255.10032900000002,22.62,51.0
17.00016,297.4467685,2.4497183600187062,4139.1433799999995,259.54168549999997,22.62,51.0
16.00016,172.396058,0.7638819322356023,4145.83325,253.98026150000004,22.62,51.0
15.00017,258.708166,1.9897388025100167,4141.90715,257.3778695,22.62,51.0
14.00017,181.63021149999997,9.028008567945797,4143.660470000001,255.42720949999998,22.62,51.0
13.00018,215.6785515,3.5238473253764493,4144.848075,251.25489499999998,22.62,51.0
12.00018,156.6244255,3.575394682924497,4149.9507300000005,252.95233049999996,22.62,51.0
11.00019,229.26580700000005,1.4163658646695092,4157.352475,242.40801900000002,22.62,51.1
10.00019,-19.622448800000004,1.219780633160471,4172.653139999999,228.85530950000003,22.62,50.9
9.0002,129.08196975,1.263851982067597,4188.317604999999,211.487658,22.62,51.0
8.0002,72.18449705,108.70321418207165,4201.12753,197.9158095,22.62,50.9
7.00021,3.122986000000001,11.741911469840845,4210.91482,190.83409550000002,22.62,51.0
6.00021,37.60767835,16.58352327817439,4218.92188,179.171228,22.62,51.0
5.00022,276.1254035,2.1776382545392505,4232.347135,170.91036350000002,22.68,50.9
4.00022,347.7868435,1.1206607888932127,4243.08867,157.36583100000001,22.68,50.9
3.00023,-69.96861449999999,1.2651131637218276,4259.562565,140.30706600000002,22.62,50.9
2.00023,174.71834700000002,1.5068251884014285,4272.555435,128.89193200000003,22.68,51.0
1.00024,180.39925499999998,2.7436587079600483,4279.80254,120.27974815,22.62,50.9
0.00024,184.253284,3.236172409343175,4277.57984,122.43353320000001,22.68,51.0
-0.99976,184.05767799999998,4.547451213026483,4281.884795,119.40731349999999,22.62,50.9
-1.99975,130.48568025000003,2.1757834385517745,4281.063745,122.550135,22.62,50.9
-2.99975,107.94456699999998,2.0320286078943393,4275.109010000001,128.127429,22.62,51.0
-3.99974,216.78082049999998,2.779854398430742,4274.092259999999,128.92930925000002,22.68,50.9
-4.99974,-5.691223105000001,2.4863125498909513,4273.697015000001,132.85677450000003,22.68,50.9
-5.99973,119.95286860000002,1.6095010528607736,4263.246854999999,143.26990849999999,22.62,50.9
-6.99973,203.579433,2.3357597216411228,4244.66822,158.3289665,22.62,50.9
-7.99972,145.0911,2.2684592352563886,4225.925365,176.352403,22.68,50.9
-8.99972,174.56571050000002,2.438441773646596,4196.562005,209.0318975,22.68,50.9
-9.99971,242.50316200000003,2.276454530458715,4166.950835000001,238.39530100000007,22.68,50.8
-10.99971,226.84837550000003,2.98733385593153,4145.020025,260.6358735,22.68,50.8
-11.9997,239.31676050000002,2.3855218366145277,4129.383789999999,277.68314150000003,22.68,50.8
-12.9997,238.82896800000003,1.6418604295024604,4112.703425000001,293.49676850000003,22.68,50.7
-13.99969,226.879918,1.331975798284638,4087.411645,317.68811100000005,22.68,50.9
-14.99969,267.87742849999995,2.338955333565126,4044.997705,355.90657799999997,22.68,50.8
-15.99968,361.390307,2.665672021731298,3996.322265,387.1548345,22.68,50.8
-16.99968,519.09747,1.4247361524506728,3959.463749999999,370.1695075,22.68,50.8
-17.99967,689.887745,1.0838731676146225,3998.1817650000003,259.851307,22.68,50.8
-18.99967,924.1467444999998,1.9764747389897988,4276.116099999999,127.3284055,22.68,50.9
-19.99966,1121.2778199999998,7.364377783804946,4427.736980000001,-1.9834594544150002,22.68,50.8
-20.99966,1111.546255,21.339577431183486,4477.09944,-28.7932007,22.68,50.7
-21.99965,776.5060645000001,15.804429649771759,4829.73134,-425.6870965,22.68,50.9
-22.99965,-3345.2758500000004,162.7301178330781,5375.264004999999,-973.7411235,22.68,50.8
-23.99964,-2981.868745,257.8048215233522,6067.434520000001,-1660.512055,22.68,50.8
-24.99964,-1737.8271250000003,0.49203657473302,6431.17991,-1795.968405,22.68,50.9
-25.99963,-1281.1457400000002,16.735082510474808,6155.29687,-1619.34579,22.68,50.9
-26.99963,-1019.5684885000001,7.201740594000359,5674.100624999999,-1239.2098600000004,22.68,50.9
-27.99962,-800.291907,6.811445314331682,5262.606175,-901.2374425,22.68,50.9
-28.99962,-601.027795,0.7362933242091529,5000.42952,-633.5723300000001,22.68,51.1
-29.99961,-396.775744,1.0737959062754836,4805.644440000001,-422.83939300000003,22.68,50.8
-30.99961,-207.89498200000003,0.7378813949653368,4653.856245000001,-262.97024799999997,22.75,50.8
-31.9996,-30.271741150000004,0.6645373914248371,4540.796060000001,-150.03997800000002,22.68,50.8
-32.9996,12.251526,1.3066695559426642,4458.536635000001,-67.48536375,22.75,50.9
-33.99959,-33.9731321,1.4918522949200403,4396.802945,-5.75985105,22.68,50.8
-34.99959,93.392297,1.294937683892933,4350.182305,40.7316522,22.75,50.8
-35.99958,172.11820149999997,1.7431471069627917,4317.466234999999,75.37181419999999,22.75,50.8
-36.99958,173.20230699999996,1.499052534673479,4299.209855000001,98.94232155,22.75,50.9
-37.99957,192.8914925,1.470366228981324,4288.138744999999,110.10550525000001,22.68,50.9
-38.99957,229.49093050000005,1.081969368228488,4276.3497449999995,121.74962244999999,22.75,50.8
-39.99956,148.97120325,61.10674759548298,4278.91156,119.2273567,22.68,50.9
-40.99956,128.2354135,1.6494050313977617,4274.415655000001,122.7228404,22.68,50.9
-41.99955,-91.77557350000002,1.6720698844890585,4277.703104999999,120.66705445,22.68,50.8
-42.99955,165.25526100000002,2.6782139974746246,4279.65508,118.48153144999996,22.68,50.9
-43.99954,171.4099255,1.1241586037053453,4277.773090000001,121.43721950000001,22.68,51.0
-44.99954,233.0970565,1.3685630918129994,4281.347075,119.26905550000001,22.68,50.9
-45.99953,-38.721203450000004,1.9036943833508941,4285.9143699999995,114.96727375000003,22.68,50.8
-46.99953,-23.184192000000003,1.9053180259839038,4291.990825,108.016541,22.75,50.9
-47.99952,-1.9079955434999996,1.3367238044189578,4297.043035000001,100.32867475,22.68,50.9
-48.99952,20.306653099999995,1.004459115657621,4298.202955,101.27742975000001,22.68,51.0
-49.99951,4.89107676,2.0011346281393396,4314.163605,87.9359735,22.68,51.0