angle,peak_position,peak_std,gauss_center,gauss_std,centroid,centroid_std,temp,humid
49.99999,807.9418785,410.53925359930906,3796.33108,21.586452405075743,602.5747855000001,19.482567621390015,24.93,45.2
49.0,543.7862035,7.96241512787753,3815.8302400000002,2.1962763913951715,584.0569165,2.278607061632776,24.93,45.1
48.0,533.3053150000001,5.377702792771742,3827.7562150000003,1.3633360023394843,571.466966,1.5234805794082213,24.93,45.1
47.00001,500.2861964999999,10.392495213033431,3837.9959750000007,1.0622190305558576,561.5734954999999,1.4661470206513283,24.93,45.1
46.00001,495.4949355,4.451087273381043,3851.3337100000003,1.1626571256823643,548.4033259999999,1.3698566644850203,24.93,45.0
45.00002,489.19635249999993,6.821078071450926,3863.9098300000005,1.6719458448466848,535.3280870000001,1.6694682711932436,24.93,45.0
44.00002,472.6544665,5.549608058222914,3875.89476,0.8673096611937341,524.0106974999999,0.9664928680951155,25.0,45.0
43.00003,483.3585225,2.881002027744647,3884.8431149999997,1.1727625592058568,515.0630269999999,1.543750633169427,25.0,45.0
42.00003,442.8142445,6.893645380916022,3896.56653,1.0693407184336285,503.08633899999995,1.05650780677617,25.0,45.0
41.00004,441.4623415,5.2972008638150365,3905.8788300000006,1.3749891174478985,494.599476,1.5415302978611938,25.0,45.0
40.00004,432.87181599999997,6.377225702247337,3916.84691,1.7881952440659226,483.2389884999999,1.8432497427621586,25.0,45.0
39.00005,436.8107775,8.170809226654892,3928.072735,1.3598529564901456,472.2542150000001,1.3100045682076864,25.0,45.0
38.00005,405.265966,11.608171282376649,3937.4330949999994,1.3832927070851222,462.60400500000003,1.389517941159815,25.0,45.0
37.00006,402.261353,12.796927253538293,3945.33659,1.17205695932405,454.56483150000014,1.047914930875954,25.0,44.9
36.00006,399.327308,13.395306667180343,3956.5021900000006,1.6405148295275809,443.8349465,1.7470710336654158,25.06,44.9
35.00007,385.48481449999997,8.839791784678798,3963.962885000001,1.9720541940511687,436.3760020000001,2.198834836602327,25.06,44.7
34.00007,377.75228350000003,4.832903242488188,3972.03601,1.2239534259521283,428.189991,1.345952918091489,25.06,44.8
33.00008,373.598828,5.213687051507404,3981.3205799999996,1.3592409895232351,418.9717155,1.5314590954624758,25.06,44.7
32.00008,345.98858750000005,15.209015354714085,3993.2663700000003,1.5343388553706083,407.21237749999995,1.5443344431627335,25.06,44.7
31.00009,345.3623905,5.492128431185376,4002.0472599999994,1.680130403986499,398.315225,1.8089003099632164,25.06,44.7
30.00009,347.4139525,4.467510138636372,4007.8086149999995,1.2929999088456647,392.766661,1.494291961147155,25.06,44.6
29.0001,340.15788549999996,9.290976929851608,4014.6190849999994,1.4238251403437916,385.85481300000004,1.31204053986567,25.06,44.6
28.0001,332.70323500000006,19.083596181636075,4025.119444999999,1.3834814669792141,375.17816300000004,1.5871193461649336,25.12,44.7
27.00011,306.38137450000005,7.981565871881579,4033.535910000001,1.422363248927673,366.84382249999993,1.3406587790891158,25.12,44.5
26.00011,305.8127365,4.440369947289608,4039.622705,1.0220367706081357,360.9742675,0.9700095836324172,25.12,44.5
25.00012,294.876967,9.317081649615456,4048.72791,2.2225010616196017,351.758875,2.209693738533686,25.12,44.5
24.00012,294.4796165,6.6201188274141165,4055.9443549999996,1.4460409833316923,344.65120749999994,1.3489893963144182,25.12,44.5
23.00013,291.964526,17.24362647131728,4061.728215,1.728210854113319,338.76860500000004,1.9297207595647115,25.12,44.5
22.00013,293.1968895,6.25261830869075,4068.2786550000005,1.291351833728964,332.426709,1.638229011981836,25.18,44.2
21.00014,277.480115,7.937003205607576,4079.1156499999997,1.2939803988082834,321.5383795,1.4613741072445354,25.18,44.3
20.00014,275.1780625,11.432688299559668,4081.281525,1.7769404576054795,319.23487750000004,2.158151669549383,25.18,44.3
19.00015,250.57535399999998,4.294933587630196,4091.1964350000003,1.2130499978463685,309.321207,1.2184330851265437,25.18,44.3
18.00015,250.879187,9.996539541459887,4094.885645,0.8278154573786854,305.83568249999996,0.7944638234172502,25.18,44.3
17.00016,245.5451545,4.453738500258489,4103.431774999999,1.2608845271772422,297.4683265,1.31827970531019,25.25,44.4
16.00016,233.16785799999997,6.332445043855967,4111.741175000001,1.743802388137763,289.2852690000001,1.5605515593337655,25.25,44.3
15.00017,232.97354699999997,5.188404839194897,4116.53475,1.7397703433213014,284.3575335,1.9470123871595477,25.25,44.2
14.00017,230.900426,7.213580074579057,4122.184055,1.4282824081654646,278.79315499999996,1.6711988622946667,25.25,44.2
13.00018,216.859265,20.549967494360054,4132.489055,1.0369794050389285,268.47781899999995,1.2485271015316421,25.25,44.2
12.00018,213.585241,6.258978757346838,4138.387755,1.7793949085223646,262.49888999999996,1.6755530846827924,25.25,44.1
11.00019,207.7991825,4.9988149808908435,4141.505405,1.4895184424756944,259.48411699999997,1.3342775492419123,25.31,44.1
10.00019,194.66500200000002,19.873342402299016,4146.655090000001,1.2429444106234881,254.05516200000002,1.2750638678027129,25.31,44.2
9.0002,185.4151,5.694189539597362,4154.994610000001,1.1801063972794426,246.1138785,1.2441049832159403,25.31,44.5
8.0002,187.44513,4.092637905417486,4161.8845949999995,0.5920846657996103,238.837658,0.9255872976580879,25.31,44.3
7.00021,179.133826,11.620415732113633,4167.7392500000005,2.0111899732497736,233.3949815,2.145109968435825,25.31,44.2
6.00021,178.6745245,6.6645040456409586,4175.209525,1.1927854676659044,225.816784,1.1922778533563356,25.31,44.1
5.00022,179.587268,13.613040748882884,4179.0398700000005,1.6224531605258001,221.70364899999998,1.7093241449558376,25.37,44.3
4.00022,166.13922100000002,13.067943168718214,4182.906794999999,1.3517575383458318,217.7214475,1.5542473980382738,25.37,44.1
3.00023,157.9531865,7.355427289645568,4190.29624,0.8778720387391046,210.83831949999998,0.847325098244328,25.37,44.1
2.00023,146.97425449999997,4.591750264267945,4197.620830000001,1.2505332115141385,203.2651745,1.277095720278927,25.37,44.1
1.00024,146.38394699999998,14.822551710786204,4204.872995,1.1208882992853524,196.10640900000004,1.3777370972028704,25.37,44.1
0.00024,148.74505600000003,8.712915980112168,4210.44812,1.4812643300909483,190.74862299999995,1.5347468712302326,25.37,44.1
-0.99976,143.37222775000004,9.92536659983253,4212.230625000001,1.1623086663510196,189.11111899999997,1.141107013701604,25.37,44.0
-1.99975,127.23624145,9.447696456221294,4222.614310000001,1.03440620256266,178.69903549999998,1.0469298102951992,25.37,44.1
-2.99975,125.49854795000002,5.957327982811789,4224.89057,1.5027465778034759,176.49342099999998,1.5755981302092883,25.43,44.1
-3.99974,108.35191695,7.14685274901563,4231.656150000001,1.544958421285236,169.5641955,1.529598927858134,25.43,43.9
-4.99974,102.88267825,9.122835648628017,4240.175945,2.176227781385799,161.28607300000002,2.401100650437421,25.43,43.7
-5.99973,105.7476445,3.7704857475655227,4245.073205,1.118262669266467,156.09752000000003,1.2896152253521198,25.43,43.8
-6.99973,108.48734125000001,5.038657612147771,4249.314825,1.9398658494532444,151.94547,1.894206437875767,25.43,43.8
-7.99972,97.59761914999999,17.898687355804554,4256.854270000001,1.8599118549275062,143.96964000000003,1.9487732322130251,25.43,43.7
-8.99972,80.42948045,9.835264526217426,4261.5319549999995,1.9564297824034682,139.48357900000002,2.001609008395244,25.5,43.6
-9.99971,74.68084685,8.224125567046478,4269.3144250000005,1.4332088033064252,131.99007549999996,1.1644433581221287,25.5,43.6
-10.99971,75.7102169,10.802026807815679,4272.89228,1.385780975695674,128.48734100000001,1.392177838093613,25.5,43.6
-11.9997,69.8420537,5.535026096532078,4280.621819999999,1.5401467409309435,120.67137540000002,1.5012624028431674,25.5,43.6
-12.9997,61.39115015,8.847746724400691,4285.939295,1.6539618757621224,115.36038879999998,1.8820747075037316,25.5,43.6
-13.99969,57.01165765,4.890649520868955,4291.780679999999,1.1146181438501879,109.28914725000001,1.0737453038401101,25.5,43.5
-14.99969,53.714733550000005,10.198513676255134,4301.15735,1.3023211979000435,100.13717105,1.4145533202330873,25.5,43.5
-15.99968,50.4092653,8.66041205651686,4306.54774,1.3719204635838056,94.87081225,1.3263490880104631,25.5,43.6
-16.99968,45.73177460000001,23.413693704951992,4309.97449,1.077416627818613,91.28021275,0.9999363529613714,25.5,43.5
-17.99967,25.568860050585,13.797171535951106,4320.373925,1.0520694120993144,81.13636414999999,1.104586724898697,25.56,43.5
-18.99967,28.327576,5.499320542994526,4325.8319599999995,1.2367968448374933,75.4553592,1.4459557980068627,25.56,43.5
-19.99966,24.4676638,5.453679427780144,4329.355165,1.6413226134051189,71.95115995,1.7600182994053084,25.56,43.2
-20.99966,18.5167359,8.879759353754194,4335.705639999999,1.6611070183464904,65.5575075,1.6401275820350831,25.56,43.2
-21.99965,-3.1568236244150003,9.462927131620317,4346.808640000001,1.259775066192348,54.568518100000006,1.2453325501349393,25.56,43.3
-22.99965,-12.527722169415002,17.24027450058096,4349.754895,0.8003762774315228,51.96986009999999,0.9188275650977118,25.56,43.1
-23.99964,-22.54049088,6.4263184909646025,4359.939745000001,1.284125937155244,41.5796753,1.4253419811915704,25.56,43.2
-24.99964,-21.056335500000003,5.175218520087355,4363.774589999999,1.6610067979692953,37.888390349999995,1.5795690755736922,25.62,43.2
-25.99963,-16.92012945,5.999983798682231,4370.4104050000005,0.9864021514956298,31.150793799999995,0.950478422477839,25.62,43.1
-26.99963,-17.99700925,4.580195712716148,4379.200215,0.924481556481677,22.601892399999997,1.006836435556759,25.62,43.1
-27.99962,-40.529382549999994,11.916771501284913,4388.805275000001,1.394513876544432,13.101330749999999,1.5856852467280154,25.62,43.2
-28.99962,-52.753747350000005,6.668247957074109,4393.392935000001,1.2062872113535579,8.5534548,1.4397744687816079,25.62,43.1
-29.99961,-52.39107665000002,10.622166659102795,4400.60485,1.060015510499718,1.38240967567,1.0759951962832723,25.62,43.1
-30.99961,-54.358971999999994,8.534764969378987,4407.505975,1.8003104904085174,-5.741979975,1.9132654645266658,25.62,43.0
-31.9996,-67.87464539999999,9.453221381068538,4418.780304999998,1.7951900778120053,-16.681140149999997,1.9354752584349995,25.68,43.1
-32.9996,-89.01785899999999,5.311057736047641,4426.065240000001,0.8970025632069933,-24.004846200000003,1.0803848397087308,25.68,43.0
-33.99959,-96.2959355,5.078378667277801,4435.120720000001,1.087994875263831,-33.017151,1.2009896249587668,25.68,43.1
-34.99959,-98.74483675000002,7.302857125838025,4444.516965,1.4062460916479163,-42.90633530000001,1.3273086128125255,25.68,43.2
-35.99958,-92.19661909999999,5.731777266289558,4452.856905000001,1.8502564745123424,-50.95267330000001,1.850822270454029,25.68,43.1
-36.99958,-94.04664255000002,6.305384901375573,4460.158035,1.4657287577431102,-57.98267814999999,1.3299430859388406,25.68,42.9
-37.99957,-106.096838,18.547256166970183,4467.244110000001,1.3084947920797623,-65.08861035,1.4783938700193617,25.68,43.0
-38.99957,-135.0140987,12.208460571573143,4477.69529,1.5151599063795724,-75.81453824999998,1.473721295212629,25.68,43.0
-39.99956,-152.930871,9.312448220108879,4487.53734,2.3233606315852042,-85.0616328,2.361998901872406,25.68,42.9
-40.99956,-159.7851435,10.231129299147417,4495.910845,2.1504053444583313,-93.48734099999999,2.182842039762953,25.68,42.9
-41.99955,-164.073961,8.787675299127125,4505.569065,1.9332378711050997,-103.02496375000001,2.0670365341618124,25.68,42.9
-42.99955,-170.99305299999997,9.434445375956185,4515.654844999999,1.734463782116752,-113.1726934,1.6386285634508608,25.75,42.8
-43.99954,-170.20838550000002,4.1191122674703555,4525.103539999999,1.5770742786565615,-122.41109585,1.6764147812376635,25.75,42.8
-44.99954,-179.586535,6.732156828836879,4534.290945000001,1.897879034731905,-131.94041849999996,1.9754880075319987,25.75,42.8
-45.99953,-187.69481249999998,8.917070957384425,4544.3967600000005,1.3614299719044576,-141.856872,1.395911296181103,25.75,42.8
-46.99953,-203.73436250000003,7.4028770528470025,4555.44766,1.1472543621185052,-152.46734449999997,1.08953315016329,25.75,42.8
-47.99952,-218.7058975,6.4167034225347175,4568.235234999999,1.2238499349490148,-165.21563600000002,1.44702154229783,25.75,42.7
-48.99952,-226.82427950000005,13.770054418470348,4575.3219149999995,1.3471941011876638,-172.45575,1.5351218043888275,25.75,42.7
-49.99951,-239.8274775,5.210021563450455,4587.908745,1.63478934498451,-184.9968875,1.6624581810766668,25.75,42.7