angle,peak_position,peak_std,gauss_center,gauss_std,centroid,centroid_std,temp,humid
49.99999,871.4026,48.93578049116005,3476.9381249999997,2.205052319532339,918.2655889999999,2.2129933824322583,25.12,44.9
49.0,900.8094595,15.0408765907757,3499.457824999999,1.2708646721327117,896.3090465000001,1.307390286021278,25.12,44.6
48.0,869.8405660000001,5.45994460911317,3521.3705050000003,1.6483215782956022,875.0435695,1.9516522417312765,25.12,44.7
47.00001,830.3401185,6.543911866967102,3543.4877,1.4820452830464201,853.1186449999999,1.7016982419556586,25.12,44.7
46.00001,781.3794189999999,6.677325285008137,3566.2749599999997,1.9908241824430288,830.3142595000002,1.7667088422727586,25.12,44.7
45.00002,754.6156475,12.285195405469906,3587.6981650000002,2.4268380906593414,808.9306245,2.395886319061237,25.12,44.6
44.00002,774.990055,7.769811652996803,3609.357395,1.1438731369671165,787.9530915000001,1.1364977300737344,25.18,44.6
43.00003,735.3196449999999,6.278454691170039,3627.8936749999993,1.8815621908071516,769.6113755000001,2.0550272755622343,25.18,44.6
42.00003,701.6988650000001,9.128326664391732,3652.5888649999993,2.2488239911729306,745.6795960000001,2.184978299842822,25.18,44.5
41.00004,687.8549235,12.043727158979168,3670.5692650000005,1.6103827297493458,727.7326194999999,1.5998091942274875,25.18,44.5
40.00004,665.6205070000001,12.97796546960427,3692.4341849999996,2.0912589854618724,705.9717845,2.2346891863354723,25.18,44.5
39.00005,637.1638145,21.23821799931916,3713.6467300000004,2.8865688429517937,685.2980275000001,2.732751113809818,25.18,44.5
38.00005,634.176544,10.900860332789057,3728.71569,2.7213597999713475,669.949655,2.7621511407569717,25.25,44.3
37.00006,603.2218610000001,8.922557039625417,3750.2355099999995,2.2623024125656075,648.6438430000001,2.299509366393419,25.25,44.4
36.00006,588.067408,14.638892339381634,3767.5491799999995,2.2271179314531224,631.5245775000001,2.518151012572273,25.25,44.4
35.00007,577.1565959999999,13.459632037201617,3783.466030000001,1.9922007404124553,615.4678479999999,1.9851008704788877,25.25,44.4
34.00007,552.1766925,17.628215601365863,3804.3944600000004,2.288485545595636,594.9380924999999,2.5404288254798026,25.25,44.3
33.00008,531.1472379999999,19.234616622240384,3819.9483999999998,2.2854750374922026,579.6127125,2.2093178307384354,25.25,44.3
32.00008,519.4181014999999,16.540977417407134,3835.8985850000004,1.9806816287013027,563.609172,1.8730596894108777,25.25,44.3
31.00009,499.538977,13.909695021131517,3853.457775,2.0440259259302764,545.7543149999999,2.2141848021958332,25.25,44.3
30.00009,486.36878750000017,16.846089918363813,3872.78652,2.80617847892825,526.8425135,2.773687833854538,25.31,44.2
29.0001,469.0134900000001,13.867757450003229,3885.19498,2.2837302387979395,514.5317779999999,2.3691613081501983,25.25,44.3
28.0001,454.11858200000006,15.332828812563777,3905.8609750000005,2.063389189870587,493.99046749999997,2.0608718721038337,25.25,44.3
27.00011,443.9645264999999,15.839102678760966,3916.62845,2.7693584212774027,483.34697450000004,2.7213905111146377,25.31,44.2
26.00011,423.729845,11.724544068319464,3935.0241850000007,2.11739447984431,465.27895500000005,2.2327341932762725,25.31,44.2
25.00012,408.23891499999996,7.832357447101423,3948.7402300000003,2.3493679705614294,451.260804,2.408969541601554,25.31,44.2
24.00012,393.657848,20.909285044339892,3962.358195,1.9110059250234757,437.641443,1.8810108060324924,25.31,44.3
23.00013,376.790604,12.940366598729488,3979.6474899999994,1.358905877866424,420.88074500000005,1.3684649537109148,25.31,44.2
22.00013,371.3140485,13.543272940292631,3994.421675,1.6378942834856298,405.96705299999996,1.79113710450401,25.31,44.3
21.00014,353.4289185,10.67365812205323,4008.468825,1.8844906863327762,391.8942149999999,1.8581662434225323,25.31,44.2
20.00014,342.592382,12.63856866386008,4021.1144849999996,2.3069534846361472,379.2250975,2.1255409926507554,25.31,44.2
19.00015,313.484669,15.865638144425485,4036.3523450000007,1.1426760719797868,364.0954835,1.2603300565378783,25.31,44.1
18.00015,311.8291625,13.938414168853589,4046.314055,1.6911390757341562,354.2840555,1.6852092221871804,25.31,44.1
17.00016,297.847047,16.88489265737425,4064.1392550000005,1.4237418134883288,336.63062899999994,1.470135986226784,25.31,44.2
16.00016,285.0008915,16.20953061862844,4075.3572999999997,1.636706261673112,325.50469999999996,1.7754794449471885,25.31,44.0
15.00017,268.41016850000005,12.871248934097373,4089.330955,1.8555758514474874,311.806104,1.7318208851015717,25.37,44.2
14.00017,255.55955799999998,9.027271445894161,4102.34696,1.287877925659181,298.74396149999995,1.4211673648985712,25.31,44.3
13.00018,246.16407399999994,14.262819974906929,4115.585214999999,1.356310363550706,285.794275,1.667962773770744,25.37,44.3
12.00018,235.64166150000005,15.948714290686965,4128.413175,2.258277052063129,272.822765,2.2792578228987175,25.37,44.2
11.00019,215.46443950000003,11.206697216031348,4144.323559999999,1.6901509487025734,256.91719950000004,1.8858544830698734,25.37,44.2
10.00019,203.4888315,11.829494788964265,4154.8195350000005,2.0438270773906706,246.64512800000003,2.0972619853838004,25.37,44.2
9.0002,189.33673149999998,10.214006392569607,4165.570825000001,1.6270415043492101,235.86583349999995,1.774778563582721,25.37,44.2
8.0002,178.235436,15.337659184020684,4181.9851100000005,2.6398868197140177,219.4562375,2.556630028910859,25.37,44.2
7.00021,171.0153675,22.445524114892454,4192.50208,2.0407270975317338,208.8904915,1.9920893686410612,25.37,44.3
6.00021,148.6500365,11.970855691433373,4207.381434999999,2.4318920083496764,194.39434999999997,2.530040063659075,25.37,44.2
5.00022,143.192174,12.366204184743353,4218.533455,2.0136122736204674,183.25416349999998,2.018635382371654,25.37,44.1
4.00022,132.83370269999998,21.68669024277629,4232.172229999999,1.861089022078117,169.67938199999998,1.8382812364015484,25.37,44.1
3.00023,120.45396625000001,13.717503676335838,4242.992939999999,1.7770270257932588,158.88472850000002,1.6767337901356723,25.37,44.1
2.00023,104.94715580000002,16.228787315142593,4257.895089999999,1.968712082784012,144.11497799999998,1.8162725516799536,25.37,44.2
1.00024,98.614001,11.533949867523335,4263.77455,2.1030068828940713,138.24117249999998,1.8128048958364869,25.37,44.2
0.00024,79.6045275,11.284407880872228,4283.132335,1.652356761802775,119.01424614999999,1.6483491887129176,25.37,44.2
-0.99976,68.33184815,11.908271729409595,4290.991319999999,2.1802045164616675,111.2241335,2.0328389547355314,25.37,44.1
-1.99975,50.619445649999996,12.414873787911207,4305.002635,1.787035876325676,97.0447869,1.7235060308550696,25.43,44.0
-2.99975,44.8060422,17.760874031871243,4315.552555,1.731971334772815,86.44876795,1.838780388453402,25.37,44.1
-3.99974,27.18436284,13.97418768997819,4328.770315000001,1.8072038884074102,73.34041755,1.944540140280074,25.43,44.1
-4.99974,16.67906515,12.90633360351012,4341.628515,2.70812863104299,60.47838115,2.67836781845172,25.37,44.1
-5.99973,11.917419640585,13.848676607932697,4353.153339999999,1.9128428041530365,48.87169155,1.6826738387904667,25.43,44.1
-6.99973,-4.548986828830001,12.59318395919155,4368.66708,2.645494480924236,33.462878450000005,2.7248905631855846,25.37,44.1
-7.99972,-8.633410614415,10.557319481650287,4379.11952,1.724360554118583,23.4282596,1.7619095126848712,25.43,44.1
-8.99972,-33.3584354,10.40399804487192,4394.904004999999,1.4095227637306187,7.845105200000001,1.459027439018801,25.43,44.1
-9.99971,-32.612634150000005,12.875655793237973,4402.91312,1.4954019247680312,-0.04378659115999996,1.3370239666356138,25.43,44.0
-10.99971,-51.0621458,11.981920736846357,4420.906395,2.0064293043800374,-18.212927200000003,1.879183520205826,25.37,44.0
-11.9997,-71.30252675,19.909927604736183,4430.238525,2.524332295850696,-27.257092399999998,2.48964429547605,25.43,44.1
-12.9997,-81.9878535,9.796843395542911,4446.28939,1.6539964026260114,-43.68521725000001,1.871706368213585,25.43,44.1
-13.99969,-92.50040225,12.109978039539076,4457.565095,2.033550831790326,-55.29190679999999,2.1631337548844867,25.43,44.0
-14.99969,-113.49193099999998,12.905140772432086,4472.05879,1.2308226504658994,-69.751721,1.3338886556330327,25.43,44.1
-15.99968,-130.41431849999998,12.873340413428064,4487.726965,2.3195127454436566,-84.85853300000001,2.092630032564522,25.43,44.0
-16.99968,-137.545031,9.6905654376625,4498.814125,1.38317679378848,-95.941808,1.5183235733946798,25.43,44.0
-17.99967,-150.5223265,9.036638783172245,4514.180945000001,1.9516328229139068,-111.2305792,1.9047385002645798,25.43,44.0
-18.99967,-162.62711099999999,9.961489107887887,4525.878,1.8469481478915584,-123.13245785,1.8387502818011001,25.43,44.0
-19.99966,-178.33829350000002,11.900695970384369,4541.975415,2.324012613191854,-138.86951799999997,2.3434938095045132,25.43,44.1
-20.99966,-196.25523600000002,12.119070842703824,4560.174099999999,2.4732891169454336,-157.10162350000002,2.525460148779374,25.43,44.1
-21.99965,-209.0785765,11.334432199911149,4570.733620000001,2.3016794104741614,-167.848816,2.257899857640725,25.43,44.0
-22.99965,-221.6716195,8.691312626140817,4587.004774999999,2.352675231704352,-183.9891,2.283075193669711,25.43,43.9
-23.99964,-233.75926599999997,11.737682623230368,4599.019130000001,1.3549637287027207,-196.1701295,1.7756597759353427,25.43,43.9
-24.99964,-264.1493985,11.542870048750991,4618.564294999999,1.123422767027215,-215.727235,1.1125044436068625,25.43,43.9
-25.99963,-270.4954445000001,17.335584656839085,4630.723815,2.0672380165996476,-227.9372445,1.8497460979563534,25.43,43.8
-26.99963,-284.58997850000003,11.74072905838827,4647.160585,2.5434504579949273,-244.224181,2.3509351258146185,25.43,43.8
-27.99962,-296.90641150000005,15.955086164602582,4664.230624999999,1.7721938350177346,-261.2584565000001,1.6736956077712442,25.43,43.8
-28.99962,-321.460536,12.753167123141372,4678.862555,2.6922888120472748,-275.5142200000001,2.795440443534786,25.43,43.7
-29.99961,-344.572742,10.00165171779871,4697.837845,2.5539446610048535,-294.329339,2.725253298315413,25.43,43.7
-30.99961,-351.395326,14.853082774353744,4712.193305,2.062225360496558,-308.4410785,1.9674457269497203,25.43,43.7
-31.9996,-362.90409,12.584638117426348,4729.934975,1.9420806002520004,-326.223988,1.99295785809836,25.43,43.6
-32.9996,-387.30662850000004,15.358043753894986,4749.345804999999,1.8016636438234062,-345.48543600000005,2.0109923922566195,25.43,43.7
-33.99959,-404.48631600000004,10.747573267465263,4768.67799,2.6784680277912343,-364.5554085,2.655575870080307,25.43,43.7
-34.99959,-423.12296299999997,20.031510997893566,4783.562435,2.106207302065783,-379.25314149999997,2.204629362297157,25.43,43.7
-35.99958,-446.3564805,12.024041990345214,4802.669594999999,2.40783508996672,-398.02010549999994,2.3295208652928445,25.43,43.6
-36.99958,-462.0087525,10.104675762437342,4824.23276,2.6008967504305693,-419.50796899999995,2.691553522815207,25.5,43.6
-37.99957,-477.092228,11.15515471243837,4840.950805,2.172798636660798,-435.97786749999995,2.1936179488253624,25.43,43.8
-38.99957,-491.38538950000003,9.321036516124426,4861.9919,2.152352109205124,-457.05333299999995,2.2186055957585125,25.43,43.7
-39.99956,-519.3165200000001,18.62008839446902,4882.794489999999,2.530788843206839,-477.74877150000003,2.6521861595394713,25.43,43.6
-40.99956,-536.5466175,12.419015430318096,4900.55872,2.268805275381694,-495.3430049999999,2.3590592115640088,25.43,43.6
-41.99955,-558.387952,9.270846912166434,4921.15051,1.744621386404469,-516.0095614999999,1.656960259946722,25.5,43.6
-42.99955,-584.552675,14.056813763110934,4943.052080000001,2.057557543934162,-537.771735,2.157488296150173,25.43,43.6
-43.99954,-599.585874,12.069336094105335,4966.632294999999,2.816917930198711,-561.0613845,2.4680143986988305,25.43,43.6
-44.99954,-620.27111,12.868074417941877,4989.2154949999995,1.7726813290817744,-583.749481,1.9363981561727053,25.43,43.6
-45.99953,-636.4632180000001,9.04976644746793,5009.9303549999995,2.836551895607605,-603.9192810000001,2.875717466881786,25.43,43.6
-46.99953,-663.5533035,8.924944814678836,5033.72961,2.7479175897213515,-627.685386,2.474013722792183,25.43,43.6
-47.99952,-671.0491534999999,11.185563143906657,5055.1315349999995,2.0802440662756014,-649.492249,2.480068855185079,25.5,43.6
-48.99952,-708.2264029999999,20.931030360536273,5080.892095,2.948010496669824,-674.8324305,3.0381559690566804,25.43,43.6
-49.99951,-719.4265750000001,8.622847813443363,5104.540385,1.9571409656115046,-698.2441275,2.184809205790908,25.43,43.6