angle,peak_position,std
49.99999,4012.7388400000004,4.751501924276125
49.75,3956.7656199999997,3.0727062748658827
49.5,3918.1120600000004,2.4219639502684367
49.25,3877.8414900000002,3.6284195169385107
49.0,3852.1177700000007,2.9530562869847157
48.75,3819.7627899999993,3.6882050586836583
48.5,3783.0182800000002,2.478546998061581
48.25,3770.6046799999995,3.1022076112987964
48.0,3746.6427400000002,2.905103757252024
47.75,3724.1849800000005,3.535113468560765
47.5,3712.02146,2.8287799289446363
47.25001,3692.4124600000005,2.571734164800078
47.00001,3684.1106699999996,2.0681754771053478
46.75001,3673.0711300000003,3.151366136788926
46.50001,3662.2088000000003,1.2279276118729556
46.25001,3660.5401200000006,1.6991575652658233
46.00001,3654.73579,2.034265624961464
45.75002,3654.48809,1.518418309590646
45.50002,3657.1256399999997,1.8401334164674141
45.25002,3652.768690000001,1.8827940702318215
45.00002,3659.9944599999994,2.252072384804652
44.75002,3658.33318,2.3728820471317165
44.50002,3661.33416,1.6781494755831472
44.25002,3669.0576300000002,1.3275108625167444
44.00002,3667.0791,2.0557986146506826
43.75002,3675.1409400000002,2.5363599027739636
43.50003,3677.8609800000004,2.069883384541259
43.25003,3685.26095,2.3549869418958407
43.00003,3692.5210899999997,1.9075494674844038
42.75003,3692.1990900000005,1.5613300435525639
42.50003,3704.54862,2.5603344003470103
42.25003,3708.17169,1.82115979389511
42.00003,3718.40288,1.3726020827610965
41.75003,3726.775350000001,1.2004624102819537
41.50003,3730.9527499999995,1.7775525945805315
41.25004,3744.7717199999997,1.3581521179896836
41.00004,3748.49183,2.021468042314763
40.75004,3760.2379100000007,2.1564358299981827
40.50004,3770.7871,1.6834346123327297
40.25004,3772.9972199999997,1.6792406306422667
40.00004,3786.26365,1.607078746203815
39.75004,3790.89809,1.4108396737050217
39.50005,3798.7551200000003,2.70552529088166
39.25005,3807.379269999999,2.3538556209121317
39.00005,3813.1961200000005,1.5484723464111272
38.75005,3826.1314099999995,2.204672970056972
38.50005,3832.6037100000003,1.5917024360414125
38.25005,3841.1802500000003,1.3077294079816533
38.00005,3844.33099,4.548730371532271
37.75005,3860.209619999999,1.3448123756123123
37.50005,3865.10009,2.8344747183384413
37.25006,3876.43784,2.2551308415256877
37.00006,3884.4871,2.098414505287237
36.75006,3889.09249,2.61818796592222
36.50006,3903.0887900000002,1.6082766058424278
36.25006,3906.0357900000004,1.5214966923722857
36.00006,3917.68221,3.2886077015812614
35.75006,3922.4153999999994,1.5730927849303928
35.50006,3933.57848,1.8121776777126681
35.25006,3941.38983,3.626942482050099
35.00007,3943.8064199999994,1.657998943184185
34.75007,3955.46173,1.3546024575867115
34.50007,3957.6212,1.8522456575734956
34.25007,3969.6870299999996,1.980483198136184
34.00007,3974.2740600000006,2.0233991362062107
33.75007,3981.2585900000004,1.5569086154620286
33.50008,3983.4981199999993,2.8801695827850247
33.25008,3993.66916,2.5392086346734573
33.00008,3998.17307,2.1033642846877014
32.75008,4005.64478,1.807553035349098
32.50008,4007.54698,1.49411334964921
32.25008,4016.0488899999996,1.553854705852494
32.00008,4018.99064,1.7825218827267826
31.75008,4021.5649000000003,1.7148883386389728
31.50008,4029.9484,2.079874988550974
31.25009,4027.3460400000004,1.3215635998317097
31.00009,4037.2550600000004,2.536238734504285
30.75009,4039.26973,1.838482052699988
30.50009,4046.4504199999997,1.6717186520464924
30.25009,4045.9917,1.4256410810579168
30.00009,4047.71763,2.72491028037627
29.75009,4054.44104,2.7300697903899973
29.50009,4061.4337299999993,1.595325439557742
29.2501,4059.19291,1.9701977278689813
29.0001,4069.31413,1.1073401609713502
28.7501,4073.50263,2.8408305025292373
28.5001,4073.9412,1.0110142541033336
28.2501,4082.92185,1.4453509284945263
28.0001,4086.1539300000004,2.4934282973649275
27.7501,4094.54545,1.9437847675346231
27.5001,4097.46258,2.4621142003570213
27.2501,4105.59696,2.5043424542981674
27.00011,4112.289460000001,2.2311881804096316
26.75011,4114.629490000001,2.096943945102021
26.50011,4121.15494,1.4804783640431647
26.25011,4128.246540000001,1.928902757113453
26.00011,4128.58704,1.7197861025138654
25.75011,4133.043299999999,2.461135614305086
25.50011,4138.066390000001,2.157112259688974
25.25011,4139.275729999999,0.7717762837118133
25.00012,4147.8226,3.1236866276885342
24.75012,4145.40321,2.6500186619907473
24.50012,4153.03744,1.6053620477637054
24.25012,4152.85606,1.5111658546962796
24.00012,4157.291569999999,2.2152477432784137
23.75012,4157.784959999999,2.7491422986815492
23.50012,4167.8773,1.8190335164588685
23.25013,4166.80176,1.5832144360130362
23.00013,4170.46207,2.5321769634250217
22.75013,4178.73398,2.102048681548509
22.50013,4176.522739999999,1.8222293978530164
22.25013,4186.47299,2.8048008661755564
22.00013,4187.96839,3.2456218323920663
21.75013,4196.31696,2.653439351558735
21.50013,4198.07064,2.958220951585489
21.25014,4206.56962,2.483655630638087
21.00014,4203.67921,2.7501953964945987
20.75014,4207.79911,2.142512220011907
20.50014,4210.59078,1.0398208968855596
20.25014,4219.7714700000015,1.9120243089719693
20.00014,4222.97698,3.6379952214922255
19.75014,4224.261769999999,4.755157968574691
19.50014,4231.050420000001,2.889439169735139
19.25014,4228.20396,2.819926214708506
19.00015,4235.02498,2.0991493823928207
18.75015,4232.862950000001,2.1991262215934775
18.50015,4240.72904,1.621084992343119
18.25015,4243.436919999999,2.4135565594365644
18.00015,4247.65222,1.970471911903314
17.75015,4252.120349999999,1.8629763547881177
17.50015,4253.42717,1.5533583843080143
17.25015,4261.06518,0.9615641370184739
17.00016,4260.51943,1.4315173048553371
16.75016,4269.5533,2.374945480637472
16.50016,4274.272760000001,2.1422705217595954
16.25016,4274.6114,2.3647027529904188
16.00016,4280.40647,2.1659250111903696
15.75016,4284.23153,1.496027171578077
15.50016,4287.80874,2.328543394571084
15.25016,4293.66826,0.9738366754235187
15.00017,4299.67953,1.614472571492007
14.75017,4298.80127,2.807285764239222
14.50017,4300.30845,2.0664087423595916
14.25017,4312.038990000001,2.6358834084421185
14.00017,4311.58183,2.68498074855305
13.75017,4321.511960000001,2.0367722112206463
13.50017,4319.781570000001,2.9484906206565165
13.25017,4332.90252,2.077369461506467
13.00018,4328.5388,3.0737426447248803
12.75018,4340.407450000001,2.319033165028065
12.50018,4341.496580000001,1.0357514246187312
12.25018,4351.44055,2.7559118796688646
12.00018,4349.718720000001,1.4632739051865853
11.75018,4357.0679,3.1922569940404535
11.50018,4360.58874,1.538523929095701
11.25018,4366.98638,1.9651653379804062
11.00019,4366.83922,2.054290684786343
10.75019,4374.65285,1.7334253172547365
10.50019,4375.30398,1.6591748255081686
10.25019,4384.566950000001,1.6658640768383524
10.00019,4383.79657,2.2197913672459073
9.75019,4391.16663,2.4102689289993933
9.50019,4388.08594,2.9632441671923946
9.25019,4397.6519100000005,2.178266201110546
9.0002,4396.51956,1.2834720691935557
8.7502,4401.73808,2.0967020259446456
8.5002,4403.237859999999,1.4915791881088907
8.2502,4403.55227,2.607345575120444
8.0002,4403.312199999999,2.2945803206686444
7.7502,4406.55148,2.3688709132411336
7.5002,4408.077969999999,2.6896336598317547
7.2502,4405.51627,2.4323912917333836
7.00021,4413.65,2.7386715856414536
6.75021,4411.14002,1.3363311085206988
6.50021,4418.462960000001,1.7265056525827882
6.25021,4421.569310000001,1.5661627683289843
6.00021,4421.777700000001,3.387812673983063
5.75021,4426.414559999999,2.3198128571934005
5.50021,4421.55567,2.2500177048413983
5.25021,4428.765310000001,1.67506560913296
5.00022,4427.503419999999,2.4734724566082775
4.75022,4432.86825,2.0173661280243818
4.50022,4430.16359,1.6291679099773424
4.25022,4438.239490000001,1.9697509717983086
4.00022,4443.27118,1.789581676705637
3.75022,4442.036330000001,2.9265825062861364
3.50022,4442.726479999999,1.2721374287394172
3.25022,4442.23362,2.072511965610927
3.00023,4446.27347,2.161491033545956
2.75023,4447.3930900000005,3.3014975306516985
2.50023,4445.5100299999995,1.913242017649697
2.25023,4447.076480000001,2.9428455538134464
2.00023,4443.48132,2.210832913089667
1.75023,4448.383,1.8735931153801693
1.50023,4451.25317,2.445360222155499
1.25023,4450.32986,2.7247043697252655
1.00024,4456.846960000001,2.6241016715058034
0.75024,4456.00171,2.244386572963735
0.50024,4457.99331,1.9546235609191793
0.25024,4461.1583200000005,1.2154164691988658
0.00024,4460.44982,1.4746586017109393
-0.24976,4467.108630000001,2.138546014492228
-0.49976,4472.25623,2.7602097098046015
-0.74976,4474.35883,1.1986612916499868
-0.99976,4482.2214,1.3652774831513559
-1.24975,4488.39336,1.8647188958124379
-1.49975,4492.23496,2.41170824985098
-1.74975,4497.44931,1.6245887217691377
-1.99975,4496.9057,2.902283352121184
-2.24975,4504.7918199999995,3.059755262369876
-2.49975,4510.96978,1.9334619141839846
-2.74975,4514.021949999999,2.0438828803284794
-2.99975,4522.36466,1.8400145527686333
-3.24974,4525.02139,1.4458222528718572
-3.49974,4526.3896,1.382578245163683
-3.74974,4534.441500000001,1.2041639838493003
-3.99974,4535.992650000001,1.6731897210119648
-4.24974,4538.038119999999,2.5386090123529246
-4.49974,4546.07044,2.560494406242801
-4.74974,4548.88185,1.5046089752823042
-4.99974,4558.09972,1.553676968227283
-5.24973,4560.4849699999995,2.5957402431868
-5.49973,4562.41417,2.339404811079058
-5.74973,4573.05822,1.6363800859212816
-5.99973,4576.14263,2.1798467776658135
-6.24973,4581.3114399999995,0.9353177451539451
-6.49973,4590.23988,2.113828107392064
-6.74973,4595.569679999999,1.8566144159733322
-6.99973,4598.88935,2.6471502561245037
-7.24972,4606.22859,1.647899571848902
-7.49972,4611.47083,1.466690127498023
-7.74972,4617.746429999999,2.3593141346798308
-7.99972,4625.52929,1.285058199810276
-8.24972,4632.62803,1.0292256322593216
-8.49972,4638.003419999999,1.6997945645284227
-8.74972,4648.31805,2.393525783128319
-8.99972,4650.48823,2.09388599739814
-9.24971,4659.952380000001,2.1159576526008026
-9.49971,4668.656850000001,1.184172719032211
-9.74971,4666.59009,2.0929870374418873
-9.99971,4671.63837,1.963075329705965
-10.24971,4677.06855,2.8722965826147697
-10.49971,4676.7964,2.53588842420171
-10.74971,4684.9481399999995,1.9346807200155058
-10.99971,4683.85243,2.5100682668207264
-11.2497,4679.54699,2.058045880659485
-11.4997,4682.604649999999,2.0708450686857534
-11.7497,4681.18875,2.139412668584575
-11.9997,4672.40173,1.360300669006613
-12.2497,4670.59736,1.9363047880951252
-12.4997,4670.40006,2.786257104863007
-12.7497,4664.254209999999,2.343275359171232
-12.9997,4661.924309999999,2.561262613809845
-13.24969,4661.88077,1.3486075419112493
-13.49969,4652.21351,3.396721315165494
-13.74969,4645.16229,2.13220341780518
-13.99969,4648.456519999999,1.3688494846403345
-14.24969,4642.845560000001,2.698262765262169
-14.49969,4638.220920000001,0.5966115298920618
-14.74969,4639.780649999999,2.662634353136033
-14.99969,4638.34883,2.1512300997568192
-15.24968,4639.807709999999,1.6337177867979091
-15.49968,4645.66895,1.3782274770517515
-15.74968,4643.644330000001,1.3590638278241645
-15.99968,4645.521739999999,1.9265234414353651
-16.24968,4648.63092,4.088585929340411
-16.49968,4649.59532,1.043069272675632
-16.74968,4657.53249,2.567573150447739
-16.99968,4664.236289999999,1.5574127522592929
-17.24968,4670.638649999999,1.818748149277455
-17.49967,4678.33792,1.4326363724267062
-17.74967,4684.44938,1.990393265563487
-17.99967,4688.31486,1.9469901372118368
-18.24967,4697.65417,2.213712323699848
-18.49967,4701.23364,1.1521599421955133
-18.74967,4709.85216,2.1013945461050954
-18.99967,4719.02601,1.262581960468265
-19.24966,4723.32638,1.381323224158711
-19.49966,4733.42392,1.6866651901310366
-19.74966,4747.22411,3.7057145657620025
-19.99966,4752.03584,2.426053278969911
-20.24966,4760.99269,1.9176451853510244
-20.49966,4766.182220000001,1.0685316090784547
-20.74966,4772.27253,2.0339318209075414
-20.99966,4780.894040000001,1.8506180882072654
-21.24965,4784.14179,2.0180763084928786
-21.49965,4790.94479,1.3815618585137923
-21.74965,4798.65187,1.9616593093857821
-21.99965,4798.97962,1.8892068329328173
-22.24965,4810.856089999999,1.7397636129371983
-22.49965,4813.22234,1.4494734928244102
-22.74965,4816.931130000001,1.6157740436397214
-22.99965,4826.88181,2.610729821122847
-23.24965,4824.51756,2.2956519480096147
-23.49964,4827.99023,1.4084027670024846
-23.74964,4834.563479999999,2.640869932351768
-23.99964,4836.514939999999,1.388442441875132
-24.24964,4843.97128,1.7756244286447873
-24.49964,4849.71701,2.4900897913327036
-24.74964,4854.237999999999,1.8468264336422162
-24.99964,4861.73384,1.691821512571396
-25.24964,4862.6731899999995,2.1503930349822915
-25.49963,4868.049400000001,1.3389484702555752
-25.74963,4880.04269,2.209122496581032
-25.99963,4882.46478,1.8929951425188911
-26.24963,4888.533820000001,1.7397382531863763
-26.49963,4897.16377,2.897117220980219
-26.74963,4899.9974,1.9275110770109547
-26.99963,4909.8853500000005,1.9503418865676283
-27.24963,4914.750410000001,2.1494551293061415
-27.49962,4929.32837,1.568807654271344
-27.74962,4935.52417,2.4868756390499014
-27.99962,4942.431259999999,1.7031318493881147
-28.24962,4954.692720000001,1.5762734501348659
-28.49962,4957.855409999999,2.230027705859257
-28.74962,4968.884619999999,2.1835564621964783
-28.99962,4973.328869999999,2.4655679244548168
-29.24961,4978.223100000001,1.271590169826616
-29.49961,4983.47895,1.6515825781654052
-29.74961,4993.2482199999995,1.6285907901004129
-29.99961,4999.436229999999,1.6470302237967853
-30.24961,5004.45138,1.932692657304955
-30.49961,5007.74187,2.967433561867955
-30.74961,5015.97048,2.141558909672953
-30.99961,5014.407569999999,2.5802224392676663
-31.24961,5011.2394,3.1910020535875883
-31.49961,5015.86934,1.6430729376385083
-31.7496,5013.28048,1.4953306897138583
-31.9996,5005.50727,1.3122243596657175
-32.2496,5006.74398,2.925188499157087
-32.4996,4991.9306400000005,3.177487305466326
-32.7496,4985.315249999999,2.7786962972768072
-32.9996,4984.06791,1.7390630387942447
-33.2496,4977.3157200000005,2.426401177794047
-33.4996,4976.4905,0.8786359325681973
-33.74959,4981.26268,1.6114801530270553
-33.99959,4980.592,2.2389720324291194
-34.24959,4990.0427500000005,3.2877012219025925
-34.49959,4991.90435,1.364218556720212
-34.74959,4998.1352,2.198928206194966
-34.99959,5010.239439999999,2.0400565792153613
-35.24958,5023.683690000001,1.2761835874591516
-35.49958,5030.2384,1.607393177788054
-35.74958,5043.58464,2.104004103227999
-35.99958,5054.81562,1.6819241485870104
-36.24958,5064.897929999999,1.92180598346966
-36.49958,5069.62249,2.3956418336011427
-36.74958,5077.81523,1.8417428474409503
-36.99958,5084.908329999999,3.0231359360935803
-37.24958,5087.78925,1.7907156475834938
-37.49958,5099.0495900000005,2.2800160325971257
-37.74957,5109.64335,2.678688083092159
-37.99957,5113.153609999999,1.5973571995330726
-38.24957,5118.966219999999,3.1875741405652875
-38.49957,5128.73357,2.1400906565143125
-38.74957,5136.833250000001,2.1584143866505476
-38.99957,5137.8278900000005,1.387057139738741
-39.24957,5149.42633,1.1178625926740475
-39.49957,5159.98112,2.4708108259436194
-39.74957,5164.82408,1.244703575796242
-39.99956,5170.92082,1.946371738286307
-40.24956,5183.50255,1.6306957804877518
-40.49956,5193.28388,1.5819286607177794
-40.74956,5201.08308,3.4657728799792675
-40.99956,5206.54538,4.408613737627834
-41.24956,5215.67347,1.7214347179315117
-41.49955,5226.30394,3.37878448948744
-41.74955,5233.48308,0.7470524450129968
-41.99955,5239.342619999999,2.221530599294132
-42.24955,5249.14012,1.5531045179254201
-42.49955,5260.1900000000005,3.4509769747131096
-42.74955,5270.416139999999,2.5897547008162753
-42.99955,5278.11857,3.5972369140911846
-43.24955,5292.521569999999,2.308406452100638
-43.49955,5298.586509999999,2.288199533017154
-43.74954,5305.3146,1.3204376539616949
-43.99954,5314.12131,1.9995252488777189
-44.24954,5322.30182,1.6113796249177985
-44.49954,5328.63799,2.062241271263
-44.74954,5336.44573,3.543280932144519
-44.99954,5347.9945800000005,2.694375172391431
-45.24954,5353.9827000000005,2.140031151642299
-45.49953,5364.104240000001,1.3111995341669962
-45.74953,5370.508349999999,2.530897490318298
-45.99953,5377.37943,2.4677936542791117
-46.24953,5385.663729999999,3.194760020424024
-46.49953,5397.524660000001,2.704144957726989
-46.74953,5400.08158,1.468008039351344
-46.99953,5406.5277399999995,3.033066404548476
-47.24953,5416.11622,2.324137920089821
-47.49953,5422.855959999999,2.3892330506670545
-47.74952,5430.19609,2.4907743837810865
-47.99952,5433.70729,2.431692953252861
-48.24952,5441.73189,3.480902241790229
-48.49952,5453.562889999999,2.065942398253046
-48.74952,5458.63692,1.8089386754670729
-48.99952,5465.23663,1.7998816494702208
-49.24952,5477.562239999999,2.2677508038583594
-49.49952,5487.00961,2.503228055311678
-49.74952,5494.9534,2.151176241966225
-49.99951,5507.3737599999995,2.9834505466656975