angle,peak_position,std,gauss_center,centroid,temp,humid
49.99999,1150.47297,4.62824976757954,3197.838655,1190.6256700000001,21.56,53.8
49.5,1144.7229450000002,9.242197146970804,3208.7517500000004,1180.03863,21.56,53.7
49.0,1123.8735700000002,7.382150596817995,3223.36227,1165.1995150000002,21.56,53.8
48.5,1108.18304,9.571501091438039,3239.01541,1149.4580150000004,21.56,53.8
48.0,1092.87722,9.036104180098876,3255.40746,1132.8873449999999,21.56,53.7
47.5,1082.4194900000002,8.3962514906892,3266.64717,1121.7565650000001,21.56,53.7
47.00001,1070.8199600000003,8.247596690939746,3278.168995,1110.51804,21.56,53.7
46.50001,1059.3039750000003,8.995484889980933,3289.80635,1099.2262249999999,21.56,53.7
46.00001,1040.739325,6.849164517798888,3307.83531,1082.24542,21.56,53.6
45.50002,1032.9923895,11.81884873985597,3320.18088,1070.8415850000001,21.56,53.6
45.00002,1025.242624,9.413867712483206,3327.3166699999992,1064.6221600000003,21.56,53.6
44.50002,1016.8954004999999,7.1219476135622175,3341.490225,1051.5671100000002,21.62,53.6
44.00002,1000.0410284999998,6.865280467543393,3353.5790650000004,1040.7652299999997,21.62,53.6
43.50003,989.4334714999999,9.692190530957017,3367.48257,1028.1234515,21.62,53.6
43.00003,971.3106100000001,6.693510095661317,3380.81139,1015.8487425000001,21.62,53.5
42.50003,958.805508,5.068367735085511,3391.2633949999995,1005.3044819999999,21.62,53.4
42.00003,952.1945645,11.982321670334782,3403.561945,993.0744364999998,21.62,53.5
41.50003,934.6434079999999,14.01036686735491,3418.390215000001,978.1577755000002,21.62,53.5
41.00004,925.229672,9.494827143746543,3428.2458500000002,967.4363999999998,21.62,53.4
40.50004,926.4372010000001,15.457703194120041,3438.6883799999996,955.5864119999999,21.62,53.4
40.00004,900.3703869999999,14.454110452097032,3451.903094999999,941.2501255,21.62,53.4
39.50005,891.1080330000001,10.406522997233559,3465.73326,926.601283,21.68,53.4
39.00005,883.2437254999999,14.39775140590345,3476.1000350000004,914.3345949999999,21.62,53.4
38.50005,866.2284205,12.959396608439558,3491.1814549999995,898.737774,21.68,53.3
38.00005,861.6833494999998,7.740618195226711,3500.099835,889.44302,21.68,53.3
37.50005,846.5321415000001,8.957809921185685,3511.49049,877.7832874999998,21.68,53.3
37.00006,834.842003,18.142848385791872,3522.669655,866.3536635000003,21.68,53.2
36.50006,820.4532204999999,7.1385425423453785,3536.33074,852.8926079999999,21.68,53.2
36.00006,809.8808164999999,6.043811004440211,3545.37227,844.3150670000001,21.68,53.2
35.50006,793.300042,10.024946390665939,3560.7964,829.7326130000001,21.68,53.2
35.00007,788.8038665,9.184974117805266,3570.5290950000003,820.7072409999998,21.75,53.1
34.50007,773.5892099999999,9.50121408587923,3582.321065,809.7074809999999,21.68,53.1
34.00007,766.703221,7.154997303156649,3592.107795,800.600638,21.68,53.1
33.50008,750.660849,8.765752362576135,3606.7520650000006,786.480251,21.68,53.0
33.00008,741.743474,8.632028122468899,3613.0492450000006,781.1361025,21.75,53.1
32.50008,732.1235815,11.69737038543803,3623.8523450000002,770.3715115000001,21.75,53.0
32.00008,720.4794919999999,7.181043393922372,3635.1124150000005,759.507679,21.75,53.1
31.50008,710.1986939999999,8.454901996080977,3646.9578300000003,747.780078,21.75,53.1
31.00009,700.0835179999999,9.714393878417017,3654.8353599999996,739.81719,21.75,53.1
30.50009,690.5744575,11.850741991683426,3670.2853600000003,724.5811180000001,21.75,53.0
30.00009,678.4840375000001,8.203642257853447,3676.540634999999,718.1802989999999,21.75,53.0
29.50009,665.90414,5.194840677205601,3691.9567749999997,702.9225389999999,21.75,53.0
29.0001,659.9553760000001,6.544107688700116,3697.3118650000006,697.2848060000001,21.75,53.0
28.5001,644.804173,7.811452202771333,3713.7056150000003,681.4383,21.75,52.9
28.0001,639.2729609999999,10.183388371170423,3718.7096950000005,676.4023189999999,21.81,52.8
27.5001,629.909312,13.769515171971236,3726.140045,668.728777,21.75,52.9
27.00011,618.9375245,8.4909476598366,3741.2435750000004,653.94321,21.81,52.9
26.50011,610.8781725,8.002133921910369,3747.97145,647.5439335,21.81,52.8
26.00011,597.9124255,7.083555921859783,3760.297255,635.3210565,21.81,52.7
25.50011,589.4356085000002,4.734266022290345,3769.5357599999998,626.262638,21.81,52.7
25.00012,582.02992,8.614814730267874,3775.8036900000006,620.154045,21.81,52.8
24.50012,570.8810825,5.808289013701776,3793.4236499999997,603.273799,21.81,52.7
24.00012,557.7900285,6.262444384459865,3800.5855,596.2395590000001,21.81,52.7
23.50012,550.138146,8.107833683123623,3812.6920099999998,584.0987745,21.81,52.7
23.00013,539.1216784999999,5.585362960871285,3820.3973250000004,576.825492,21.81,52.6
22.50013,527.3248139999998,6.168398946600644,3832.968265000001,564.075685,21.81,52.9
22.00013,519.7261814999999,7.665862761264568,3836.4064750000007,560.6463355,21.81,52.6
21.50013,509.11712699999987,5.340575415231119,3850.4130400000004,546.9981905,21.81,52.7
21.00014,495.05583399999995,7.467428955018181,3861.59475,535.6390875,21.87,52.7
20.50014,490.95129499999985,5.735835194448579,3868.0292550000004,529.0740064999999,21.81,52.6
20.00014,478.1353035,7.044625511935515,3878.839995,518.7486135,21.87,52.7
19.50014,464.9895985,11.85165841411373,3892.4717150000006,505.300578,21.87,52.6
19.00015,454.5101445,6.619267775034851,3902.484375,495.3048965,21.87,52.5
18.50015,442.5191019999999,9.774938358736895,3907.500655,490.3955934999999,21.87,52.5
18.00015,437.33195750000004,8.644148533786241,3921.2984850000007,476.5559935,21.87,52.4
17.50015,426.2046495000001,5.521531298967229,3925.324865,472.82145899999995,21.87,52.4
17.00016,413.60314749999986,7.215013113482799,3938.841679999999,459.8139525,21.87,52.6
16.50016,405.13205350000004,9.633966810868348,3947.36138,451.35007349999995,21.87,52.4
16.00016,397.4269165,5.964497692523045,3956.1055949999995,442.98698649999994,21.87,52.5
15.50016,386.92307349999993,5.059738608619303,3964.9463700000006,434.3072179999999,21.87,52.5
15.00017,386.8884645,20.913556500341464,3975.134435,424.0422725,21.87,52.5
14.50017,369.81243800000004,11.102627749492724,3985.5841550000005,413.919848,21.87,52.4
14.00017,365.605736,6.788940228974179,3991.826935000001,407.75802049999993,21.87,52.4
13.50017,353.7413085,7.7762870947749025,4003.1438550000007,396.5400900000001,21.87,52.4
13.00018,346.0274905,10.522715613037098,4011.2898099999998,388.96305199999995,21.87,52.4
12.50018,337.598109,11.374139569352009,4022.3704750000006,377.42982199999994,21.93,52.4
12.00018,327.23520700000006,8.578841323842688,4030.2881649999995,370.02265750000004,21.87,52.3
11.50018,319.6106315,6.144109239741973,4035.0285599999997,364.9751085,21.93,52.4
11.00019,312.694314,9.510250507094124,4045.6256350000003,354.479868,21.93,52.3
10.50019,295.06994799999995,14.645915432204502,4057.0115750000004,343.68514650000003,21.93,52.3
10.00019,289.04496,9.425961482557636,4066.7765249999998,333.6533305,21.93,52.3
9.50019,276.74007550000005,12.991386502755766,4074.4143749999994,326.0164325,21.93,52.3
9.0002,270.4241799999999,10.981602139484476,4081.2023500000005,319.560512,21.93,52.2
8.5002,261.55701899999997,15.894271715316462,4088.458440000001,312.57472,21.93,52.3
8.0002,250.047057,9.15584481213236,4100.070415,301.4448145,21.93,52.3
7.5002,241.96744400000003,9.11934122203594,4109.689660000001,291.28802650000006,21.93,52.3
7.00021,235.35753150000005,4.412043854752889,4116.608365,284.8209855,21.93,52.1
6.50021,230.1431755,7.1115310804843395,4127.675910000001,273.25618700000007,21.93,52.2
6.00021,220.246666,7.614654623271103,4132.881245,268.0718375,21.93,52.1
5.50021,209.69354149999998,5.698457572959787,4145.0410249999995,256.33707100000004,21.93,52.3
5.00022,204.50743450000002,10.119155099635776,4151.250529999999,249.89879200000001,21.93,52.2
4.50022,195.1315325,9.969161486382829,4160.17182,240.70484699999997,21.93,52.1
4.00022,181.17384070000003,30.166394389310923,4168.186765,232.93126150000003,21.93,52.1
3.50022,161.6330435,15.676226001683016,4175.0010649999995,226.244395,21.93,52.1
3.00023,148.7494015,7.869473191804053,4184.060385000001,217.33953699999998,21.93,52.1
2.50023,136.21705275000002,11.976529420648063,4194.36372,206.978283,22.0,52.1
2.00023,124.63475375,12.904840076386156,4205.061154999999,196.67191350000002,22.0,52.1
1.50023,127.40757975000001,6.364895979269317,4209.756080000001,191.65462799999997,22.0,52.1
1.00024,117.91578369999999,13.299052099354457,4221.115094999999,180.52886949999998,22.0,52.1
0.50024,115.83116545,4.654437428292581,4231.0794049999995,170.4899535,22.0,52.0
0.00024,112.11385525,3.0226001191414107,4237.1186099999995,164.5023815,22.0,52.1
-0.49976,107.30531010000001,16.808294528992,4244.942960000001,156.340757,22.0,52.1
-0.99976,102.47230275,9.120826274958109,4253.333565000001,148.1691765,22.0,52.1
-1.49975,85.58497225,10.909985929354526,4266.375280000001,135.30714000000003,22.0,52.1
-1.99975,77.62786875,9.184286530554083,4271.440065000001,129.98460649999998,22.0,52.1
-2.49975,72.9560673,12.242386197412122,4279.4974600000005,121.85042739999999,22.0,52.0
-2.99975,64.1610224,5.369823340177006,4290.4958400000005,110.86705400000001,22.0,52.0
-3.49974,56.582629250000004,5.751902744524474,4300.464,101.13057800000001,22.0,52.0
-3.99974,55.996691850000005,3.958999868576688,4304.804539999999,96.90223305,22.0,52.0
-4.49974,51.78990474999999,5.579919920014658,4315.81253,85.7447875,22.0,52.1
-4.99974,45.201965099999995,8.574196484420968,4323.328599999999,78.45565199999999,22.0,52.0
-5.49973,41.78558305,5.977708986885556,4330.8854,70.63099274999999,22.0,52.0
-5.99973,32.2449098,10.61003257921637,4342.57094,59.36253674999999,22.0,52.0
-6.49973,19.45972925,6.971259592057284,4349.513995,52.48382554999999,22.0,52.0
-6.99973,2.614856095584999,12.71846354932136,4357.165095,44.54976805,22.0,52.0
-7.49972,-11.282385280000002,6.454102386268919,4364.263605,37.4219601,22.0,52.0
-7.99972,-21.517053350000005,6.199517963147838,4376.184735,25.90741,22.0,52.0
-8.49972,-26.370227149999998,8.961500238467163,4382.780515,19.532507599999995,22.06,52.0
-8.99972,-38.54703385,9.0714116117409,4394.27241,8.317321985,22.0,52.0
-9.49971,-43.27205825000001,4.245120725795485,4401.45972,0.9981079579250001,22.0,52.0
-9.99971,-54.943493799999985,9.073714694544536,4413.49197,-10.77564705,22.0,52.0
-10.49971,-60.861339699999995,6.2091537956750695,4420.964540000001,-18.28927,22.06,52.0
-10.99971,-71.50594445000002,8.18490998445913,4425.189075,-22.5780641,22.06,52.0
-11.4997,-70.59591035,12.299174521930498,4435.072104999999,-32.99124770000001,22.06,52.0
-11.9997,-86.09527634999999,7.611529051378639,4447.94306,-45.5482061,22.06,51.9
-12.4997,-98.75867924999999,15.836495457278836,4456.678744999999,-53.8810425,22.0,52.0
-12.9997,-107.94278549999999,8.1776988709676,4464.00132,-61.55184254999999,22.06,51.9
-13.49969,-111.32965055,11.408204594827962,4473.269595,-70.81282934999999,22.06,52.0
-13.99969,-126.90291829999998,5.817729133023983,4485.269634999999,-82.76099750000002,22.06,51.8
-14.49969,-129.154576,6.490499256783255,4490.75482,-88.191443,22.06,51.9
-14.99969,-134.00342899999998,6.907194310275084,4502.243469999999,-100.04078374999999,22.06,51.9
-15.49968,-154.98963575,23.850858687516123,4513.1932050000005,-110.68634015,22.06,51.9
-15.99968,-159.333142,21.988612285434385,4519.578374999999,-116.98065219999998,22.06,51.9
-16.49968,-176.09669100000002,6.869913543310352,4529.83392,-126.80360069999999,22.06,51.8
-16.99968,-188.025916,7.339100944618762,4540.474459999999,-137.6098015,22.06,51.9
-17.49967,-188.737196,11.90571133526485,4548.89369,-146.164464,22.06,51.9
-17.99967,-200.03001799999998,8.924936950760827,4557.855405,-154.77657399999998,22.06,51.9
-18.49967,-216.4195925,17.475838728715107,4571.945425,-168.5686155,22.06,51.8
-18.99967,-215.30238300000002,19.544450825960062,4576.09705,-172.9510855,22.06,51.8
-19.49966,-231.40816550000005,10.6790585161551,4588.345915,-184.89461800000004,22.06,51.8
-19.99966,-247.4433215,9.151763237801921,4597.651775,-194.095569,22.12,52.0
-20.49966,-265.93470350000007,9.80356680858109,4607.293665,-203.80767849999998,22.06,51.9
-20.99966,-279.4388805,12.59412802691297,4617.321094999999,-214.14642399999997,22.06,51.9
-21.49965,-287.84254250000004,5.359557424866232,4625.521930000001,-222.17267,22.12,51.9
-21.99965,-291.6141505,3.6920222364450552,4636.74185,-232.82774650000002,22.06,51.9
-22.49965,-290.3587305,4.028943454108626,4647.301235,-243.688708,22.06,51.8
-22.99965,-299.2127825,4.624848980013157,4656.566330000001,-252.56290099999995,22.12,51.9
-23.49964,-299.80304450000006,4.046297298068289,4666.795680000001,-262.85218150000003,22.12,51.9
-23.99964,-303.7765285,6.053357530113575,4675.059484999999,-270.82085900000004,22.06,51.8
-24.49964,-311.4111469999999,7.936569633819823,4686.710485000001,-282.66199650000004,22.12,51.7
-24.99964,-325.773402,12.750448637526686,4695.4189,-291.013859,22.12,51.8
-25.49963,-348.582238,11.172339232489135,4707.395559999999,-302.267739,22.12,51.8
-25.99963,-370.293741,11.062007999020294,4718.863864999999,-313.5490855,22.12,51.8
-26.49963,-372.6127335,7.61657240603362,4722.940525,-317.47650250000004,22.12,51.8
-26.99963,-382.789224,6.76489115566422,4736.140369999999,-330.358754,22.12,51.9
-27.49962,-389.41151499999995,9.642473742152218,4748.061624999999,-342.659387,22.12,51.8
-27.99962,-401.141104,8.343989126199405,4756.628595,-350.80794499999996,22.12,51.9
-28.49962,-414.9024525,6.052266149960587,4768.61804,-362.30824049999995,22.12,51.9
-28.99962,-421.9036255,5.151848213777723,4777.03487,-370.518564,22.12,51.8
-29.49961,-429.221472,17.980171353486767,4788.206615000001,-381.7322675,22.12,51.8
-29.99961,-469.94281149999995,13.080705408625818,4803.036655,-395.92335399999996,22.12,51.8
-30.49961,-478.53043200000013,15.723345850511778,4807.575374999999,-400.74573849999996,22.12,51.8
-30.99961,-484.0199835,8.554246507882082,4823.700045,-416.55516400000005,22.12,51.7
-31.49961,-477.88687899999996,8.316388714171499,4825.930784999999,-418.9320680000001,22.12,51.8
-31.9996,-485.55035349999997,4.837621471479842,4846.802874999999,-439.93841549999996,22.12,51.7
-32.4996,-493.54337,14.165838530215218,4855.33649,-448.54046600000004,22.12,51.7
-32.9996,-505.9232035000001,7.276512522074888,4865.556165,-458.886023,22.12,51.7
-33.4996,-516.1867075,6.797458339660402,4876.413085,-469.70372399999997,22.12,51.7
-33.99959,-525.79081,7.1558354812691025,4892.79055,-486.2384869999999,22.18,51.7
-34.49959,-528.0395639999999,7.646614552709861,4900.207410000001,-493.956579,22.12,51.7
-34.99959,-533.0036230000001,11.997223405131317,4910.027955,-503.96094750000003,22.12,51.8
-35.49958,-556.4098515000001,9.259147690797613,4923.59199,-517.4723070000001,22.18,51.8
-35.99958,-580.3214499999999,15.010800041019476,4933.666645,-527.4305835,22.12,51.8
-36.49958,-595.8584135000001,6.475767833642022,4947.0642849999995,-539.908264,22.18,51.8
-36.99958,-597.450745,5.83601820775988,4958.063820000001,-550.7532819999999,22.18,51.7
-37.49958,-598.3915165000001,9.983514729770414,4967.440970000001,-559.7941215000001,22.18,51.7
-37.99957,-617.5774789999999,21.024072244735994,4980.812415,-572.9186845,22.18,51.7
-38.49957,-642.9374349999999,16.15692207640999,4994.214534999999,-585.621839,22.18,51.7
-38.99957,-645.095519,5.711002747296572,5006.876029999999,-597.8033374999999,22.18,51.7
-39.49957,-656.7464204999999,7.64122310961044,5017.247389999999,-608.9591270000001,22.18,51.7
-39.99956,-664.603891,8.104133945874723,5031.427295,-622.4449645000001,22.18,51.8
-40.49956,-669.9693245,11.922590167759466,5043.091225,-634.0920034999998,22.18,51.7
-40.99956,-682.129746,8.240169595494628,5053.1933149999995,-644.6793759999999,22.18,51.7
-41.49955,-719.6076045,14.268032356738773,5066.75043,-657.7551624999999,22.18,51.7
-41.99955,-734.682826,8.119480418336147,5076.966840000001,-667.530918,22.18,51.7
-42.49955,-741.6451255,5.910582897696693,5089.581434999999,-678.932693,22.18,51.7
-42.99955,-743.6160495,5.456119698757066,5106.357595,-694.0641229999999,22.18,51.7
-43.49955,-747.251182,10.060795172515228,5117.96872,-703.749286,22.18,51.7
-43.99954,-754.9434200000001,4.484151382146906,5127.418754999999,-711.545723,22.18,51.8
-44.49954,-774.6381915000002,10.143222109271429,5142.685949999999,-724.9031189999998,22.18,51.8
-44.99954,-800.8690789999998,9.178453380363658,5151.949440000001,-731.2016985,22.18,51.7
-45.49953,-809.8469859999998,5.984178603230689,5165.417909999999,-742.2641689999998,22.18,51.7
-45.99953,-815.5366335000001,5.5482596283494985,5175.55825,-749.7563159999999,22.18,51.7
-46.49953,-833.0114390000001,11.971861067624332,5191.476054999999,-763.450372,22.18,51.7
-46.99953,-836.309681,10.261370540293772,5200.171925000001,-770.99576,22.18,51.8
-47.49953,-858.9875080000002,9.776268903607665,5215.292415000001,-785.8072135,22.18,51.9
-47.99952,-881.2464259999999,4.855566290226513,5226.390014999999,-797.2771614999999,22.18,51.8
-48.49952,-888.6601980000002,11.184298894998124,5238.386595,-810.60856,22.18,51.8
-48.99952,-907.0300139999999,11.050775102547055,5247.3455,-821.1456405000001,22.18,51.8
-49.49952,-920.5108040000001,11.217474226811673,5258.381135,-833.4044289999999,22.18,51.9
-49.99951,-931.9719375000001,10.407066979822348,5266.03928,-842.4685880000001,22.18,51.9