angle,peak_position,std,temp,humid
60.0,2902.79276,3.3630653172960954,22.31,50.2
59.75,2910.65224,2.4777513637167607,22.31,50.2
59.50001,2913.87169,4.388739950475569,22.31,50.2
59.25001,2923.38775,3.6160092196370233,22.31,50.2
59.00001,2929.1216699999995,2.6910961094134564,22.31,50.2
58.75001,2937.32633,3.4623787167350173,22.37,50.2
58.50001,2945.9235099999996,3.1291604268397344,22.31,50.2
58.25001,2950.1776500000005,4.615111313554617,22.31,50.2
58.00002,2961.1174499999997,4.834799915249943,22.31,50.2
57.75002,2965.59684,3.070323090555809,22.37,50.2
57.50002,2968.17176,5.129718448258136,22.31,50.1
57.25002,2980.88175,3.243798281413331,22.31,50.2
57.00002,2993.00114,3.153914495416781,22.31,50.2
56.75002,2999.66947,2.4973510238049914,22.37,50.2
56.50002,3004.06824,1.7947172185054423,22.37,50.2
56.25002,3014.26299,2.814497066422317,22.37,50.2
56.00002,3015.58586,3.7169695030225975,22.31,50.1
55.75002,3027.0107999999996,3.21948977665723,22.37,50.1
55.50003,3034.97454,2.765029860308975,22.37,50.1
55.25003,3042.1143300000003,3.393897966660149,22.37,50.1
55.00003,3051.3700599999997,2.878839300898812,22.37,50.2
54.75003,3052.62584,3.767888156832687,22.37,50.1
54.50003,3063.3879,3.2542548889108187,22.37,50.1
54.25003,3069.75704,2.6969820422835387,22.37,50.1
54.00003,3075.94214,3.6675439711610824,22.37,50.1
53.75003,3084.1159199999997,3.398414182762276,22.37,50.2
53.50003,3091.3032300000004,4.307096857292691,22.37,50.1
53.25004,3099.0673899999997,2.1191215889844752,22.37,50.1
53.00004,3109.3282700000004,4.609943966047696,22.37,50.0
52.75004,3112.5391600000003,1.8947169473037546,22.37,49.9
52.50004,3122.4137500000006,2.7412393978819103,22.37,50.1
52.25004,3129.00058,3.633908671884912,22.37,50.1
52.00004,3136.95669,2.3735676364704985,22.43,49.9
51.75005,3138.3247899999997,3.7079234448543077,22.43,50.1
51.50005,3148.78515,3.752976930984233,22.43,50.1
51.25005,3159.22973,2.5070229516500318,22.43,50.0
51.00005,3161.25615,2.780959163400309,22.43,49.9
50.75005,3167.33241,5.705786379711386,22.43,49.9
50.50005,3179.96357,4.13347409912058,22.43,50.0
50.25005,3188.3835499999996,2.6909925359427924,22.43,50.0
50.00005,3192.12805,1.9325522038226626,22.43,50.1
49.75005,3198.90077,4.648565435927489,22.43,50.0
49.50006,3208.26718,1.94528073439285,22.43,49.9
49.25006,3216.8992700000003,3.6122609739747173,22.43,49.9
49.00006,3224.08691,2.520381710951771,22.43,50.0
48.75006,3228.3922599999996,3.7533120115972047,22.43,50.0
48.50006,3235.95777,2.9628730850476974,22.43,49.8
48.25006,3239.41875,2.3808849318058227,22.43,49.9
48.00006,3248.7223299999996,2.0389424141206622,22.43,49.8
47.75006,3256.7484500000005,3.200259703914699,22.5,49.8
47.50006,3261.4426999999996,4.298432154402315,22.5,49.8
47.25006,3269.6267099999995,1.9628474283295485,22.5,49.8
47.00007,3274.23578,4.736194230561073,22.5,49.8
46.75007,3280.5256600000002,4.408247036453373,22.5,49.8
46.50007,3284.3174,6.694070390427674,22.5,49.8
46.25007,3295.00092,2.692089675995157,22.5,49.8
46.00007,3300.44596,3.14453824247694,22.5,49.7
45.75007,3311.0626199999997,2.493861822876356,22.5,49.8
45.50008,3318.5602699999995,3.406100112166441,22.5,49.8
45.25008,3320.26536,1.943850751060859,22.5,49.8
45.00008,3328.76109,1.7846096634558024,22.5,49.7
44.75008,3334.48463,3.557813590690291,22.5,49.8
44.50008,3339.5771200000004,3.294740116245852,22.5,49.7
44.25008,3345.5163799999996,2.586294011824607,22.5,49.7
44.00008,3352.8292500000002,2.4896515692964676,22.5,49.7
43.75008,3360.6953299999996,3.9184690768334685,22.5,49.7
43.50008,3367.66351,4.194428031198002,22.5,49.7
43.25009,3373.4094400000004,3.3991448578135226,22.5,49.7
43.00009,3376.98326,2.436802211998334,22.5,49.7
42.75009,3383.20944,3.4361607608492237,22.56,49.6
42.50009,3387.8500599999998,4.682791999480663,22.5,49.7
42.25009,3396.8921600000003,4.17245366090505,22.5,49.6
42.00009,3405.9700600000006,4.080739306596322,22.5,49.7
41.7501,3411.6726400000007,2.44388906343973,22.56,49.7
41.5001,3417.8684500000004,2.840321701585908,22.5,49.7
41.2501,3420.5185600000004,2.39506338671863,22.56,49.7
41.0001,3423.2583700000005,2.3172638119341644,22.56,49.4
40.7501,3427.10915,3.219746393817342,22.56,49.5
40.5001,3438.9980600000004,1.7459737393213555,22.56,49.7
40.2501,3445.70165,1.7670743319114135,22.56,49.7
40.0001,3452.55253,2.697798812754593,22.56,49.6
39.7501,3453.5344300000006,2.6520611837022328,22.56,49.7
39.50011,3461.2228000000005,2.7844022669148303,22.56,49.5
39.25011,3464.0502,3.5125248443249144,22.56,49.6
39.00011,3472.5208,3.787771473043164,22.56,49.6
38.75011,3484.55002,2.274482758255118,22.56,49.5
38.50011,3489.33954,1.663642021710189,22.56,49.5
38.25011,3496.4636400000004,2.267978921507053,22.56,49.5
38.00011,3502.29868,6.091836951330892,22.56,49.4
37.75011,3509.51843,4.391106074111574,22.56,49.6
37.50011,3513.75899,3.8172637172324775,22.56,49.4
37.25011,3518.48291,3.881351984154514,22.56,49.6
37.00012,3524.7089,2.8118285851025813,22.56,49.6
36.75012,3534.2841099999996,5.834018652944134,22.62,49.5
36.50012,3538.24116,2.655743342719664,22.56,49.5
36.25012,3542.99089,2.0765333031040245,22.62,49.5
36.00012,3548.3209500000003,2.279379413897497,22.56,49.5
35.75012,3554.2511299999996,2.2284278157705413,22.56,49.5
35.50013,3557.44849,2.6485356586046525,22.62,49.5
35.25013,3565.4955999999997,2.3010080282345826,22.56,49.4
35.00013,3567.12606,2.9874987525352505,22.56,49.4
34.75013,3573.34442,1.9930026130439633,22.56,49.5
34.50013,3580.59465,4.730621347825212,22.62,49.4
34.25013,3587.96943,3.2155658037272086,22.62,49.4
34.00013,3594.17592,4.152410794658884,22.62,49.3
33.75013,3599.5285799999997,2.6704005807369406,22.62,49.4
33.50013,3601.0284999999994,3.3122820209034294,22.62,49.4
33.25014,3606.91229,3.8520198173036992,22.62,49.3
33.00014,3613.43477,3.326127307560537,22.62,49.3
32.75014,3620.62058,3.2301684713958867,22.62,49.4
32.50014,3626.05242,3.7471917289618,22.62,49.4
32.25014,3629.21109,4.260193071552053,22.62,49.3
32.00014,3638.6700499999997,2.671479414949709,22.62,49.4
31.75014,3642.92148,2.628970084576857,22.62,49.4
31.50014,3647.9486000000006,1.3107558140249242,22.62,49.4
31.25014,3654.12993,1.859647518778698,22.62,49.4
31.00015,3657.0902300000002,2.744534349229437,22.62,49.4
30.75015,3663.5932399999997,4.033097751654446,22.62,49.4
30.50015,3673.3618699999997,4.86751549253822,22.62,49.3
30.25015,3676.7222500000003,5.416216063313897,22.62,49.4
30.00015,3678.30851,5.362461141574875,22.62,49.3
29.75015,3685.1196900000004,2.631803530072061,22.68,49.4
29.50015,3688.5005099999994,5.649110473242691,22.62,49.3
29.25016,3694.09807,4.26666512420416,22.68,49.2
29.00016,3697.4612299999994,4.742097230350696,22.68,49.3
28.75016,3705.1406,3.647528853895416,22.68,49.3
28.50016,3709.9953799999994,3.619848895409867,22.68,49.3
28.25016,3718.7435400000004,3.5497534669889204,22.68,49.1
28.00016,3723.61095,3.78851675784863,22.68,49.2
27.75016,3730.14128,1.7905514116048453,22.62,49.3
27.50016,3732.27869,4.151922833687991,22.68,49.2
27.25017,3739.4554599999997,3.061359805445918,22.68,49.3
27.00017,3742.9009400000004,3.670128642486481,22.62,49.3
26.75017,3747.1212700000005,5.239503639286802,22.68,49.3
26.50017,3756.74332,3.26464463542361,22.68,49.2
26.25017,3761.67867,4.842501306566617,22.68,49.2
26.00017,3763.86449,3.1578654690945167,22.68,49.2
25.75017,3762.53819,4.0630915427664664,22.68,49.3
25.50017,3771.07382,3.437892525312579,22.68,49.3
25.25018,3772.30735,4.942565114644495,22.68,49.1
25.00018,3785.7409700000003,5.467705942358323,22.68,49.1
24.75018,3792.7804300000003,3.7797148101543323,22.68,49.2
24.50018,3798.19882,3.1301031349781137,22.68,49.2
24.25018,3803.21626,4.101786539107099,22.68,49.2
24.00018,3801.98989,2.586304831008925,22.68,49.1
23.75018,3813.2240099999995,3.058806621363902,22.68,49.2
23.50018,3817.50746,2.7607827810967267,22.68,49.1
23.25019,3822.3393800000003,2.20077886203957,22.68,49.2
23.00019,3826.03088,2.6716384780878686,22.68,49.2
22.75019,3828.1061999999997,3.9365910089822975,22.68,49.1
22.50019,3836.6016600000003,1.9996729838650724,22.68,49.1
22.25019,3841.9455399999997,3.370020355190757,22.68,49.1
22.00019,3847.6092599999997,2.683155327296537,22.68,49.1
21.75019,3848.5961400000006,1.9970412825977903,22.68,49.1
21.50019,3851.17349,3.488210528465829,22.68,49.2
21.25019,3860.7305800000004,3.3256514612327877,22.68,49.1
21.0002,3866.321549999999,3.036838679037815,22.68,49.0
20.7502,3868.1610900000005,1.5917011481116115,22.68,49.1
20.5002,3874.0721299999996,3.351135671693955,22.75,49.1
20.2502,3881.04262,2.622045413336704,22.75,49.1
20.0002,3882.1092899999994,2.791000748638435,22.68,49.3
19.7502,3891.18774,3.7309921069870686,22.75,49.1
19.5002,3895.25875,3.3631976050330468,22.75,49.1
19.2502,3898.0794300000002,4.628185482248883,22.75,49.2
19.00021,3902.8336200000003,3.364441440358337,22.75,49.2
18.75021,3910.13441,3.5401086476123464,22.68,49.1
18.50021,3911.2737,2.9181068102453516,22.68,49.1
18.25021,3920.2663100000004,2.7605310479869876,22.75,49.1
18.00021,3923.8459200000007,2.7807062997733976,22.75,49.1
17.75021,3923.2449700000006,3.5969573394885375,22.75,49.1
17.50021,3929.3725400000003,3.225676180957938,22.68,49.3
17.25022,3936.4599200000002,3.2236859979843397,22.75,49.1
17.00022,3941.17762,2.716279900083879,22.75,49.1
16.75022,3945.31831,3.2967012695875355,22.75,49.1
16.50022,3953.1392299999993,3.0254246700421943,22.75,49.1
16.25022,3958.10662,4.56267797369047,22.75,49.1
16.00022,3960.4521099999997,2.841395440078707,22.75,49.1
15.75022,3960.6680800000004,1.8697271607377137,22.75,49.1
15.50022,3969.8916300000005,3.1773188518151088,22.75,49.1
15.25023,3979.1569599999993,3.0622597258233735,22.75,49.1
15.00023,3980.72883,3.4261923162746855,22.75,49.1
14.75023,3982.22504,2.83752948749434,22.75,49.2
14.50023,3985.9966999999997,1.993620578244491,22.75,49.1
14.25023,3989.8258699999997,2.735687518723528,22.75,49.1
14.00023,3996.5220999999997,4.047170372494768,22.75,49.2
13.75023,3999.8642099999997,5.462810647175975,22.75,49.1
13.50023,4007.79838,3.968467021357256,22.75,49.1
13.25023,4012.977790000001,2.5167868179287556,22.75,49.2
13.00024,4015.1814399999994,3.9646903640006532,22.75,49.1
12.75024,4019.1239199999995,6.392608322554998,22.75,49.1
12.50024,4024.3839500000004,2.8634929419330213,22.75,49.0
12.25024,4031.679089999999,3.6288031267761656,22.75,49.0
12.00024,4035.46866,3.784519482100753,22.75,49.0
11.75024,4037.7475099999997,2.141547496297891,22.75,49.1
11.50024,4035.40073,3.6061216260825626,22.75,49.1
11.25024,4046.3624500000005,2.6125854471193413,22.75,49.1
11.00025,4050.8179000000005,3.6551567241364453,22.75,49.1
10.75025,4053.50615,3.287008590877152,22.75,49.1
10.50025,4058.7629499999994,2.8452769110405547,22.75,49.1
10.25025,4064.5346199999994,4.1099571513095094,22.81,49.1
10.00025,4068.7430099999997,2.2635808642281785,22.75,49.0
9.75025,4074.4869999999996,3.0714791954365848,22.81,49.0
9.50025,4078.4833099999996,3.6938952698878316,22.81,49.1
9.25025,4079.6420999999996,3.5955570172089084,22.81,49.0
9.00026,4080.41398,3.4148818409426336,22.81,49.0
8.75026,4087.350520000001,4.455720264289374,22.81,49.1
8.50026,4088.63317,2.882814083165958,22.75,49.0
8.25026,4094.87382,3.577307504758205,22.81,49.0
8.00026,4102.739369999999,4.296270852041308,22.81,49.0
7.75026,4104.53285,1.9459291129175416,22.75,49.0
7.50026,4112.61727,3.5741297545137445,22.75,49.0
7.25026,4115.603399999999,2.9168660771450963,22.75,49.0
7.00027,4119.15349,2.315392064186942,22.75,49.0
6.75027,4122.28865,3.2666430656715155,22.81,49.0
6.50027,4122.32267,2.962169140022313,22.81,49.2
6.25027,4129.456229999999,1.2250841277643618,22.75,49.1
6.00027,4135.4299200000005,2.9475576353314543,22.81,48.9
5.75027,4142.21791,4.7925555910076145,22.75,49.1
5.50027,4148.22131,3.914454348041326,22.75,48.9
5.25027,4150.78441,3.0335905450306897,22.81,49.0
5.00028,4155.076739999999,3.0390397855902083,22.75,49.0
4.75028,4155.62971,3.1182242233201096,22.81,49.1
4.50028,4162.74276,4.658950813906474,22.81,49.0
4.25028,4164.59013,2.1603815121640806,22.81,49.0
4.00028,4171.75755,2.464424214395738,22.81,49.0
3.75028,4177.41193,1.792563311601548,22.81,49.0
3.50028,4185.12545,2.7169422663169778,22.81,49.1
3.25028,4188.32684,3.6570089119936156,22.81,49.2
3.00029,4190.87068,2.6313064332379867,22.81,49.0
2.75029,4190.59104,3.9178854021525713,22.81,49.1
2.50029,4193.7708999999995,4.680947971938957,22.81,49.1
2.25029,4203.43695,3.5627623443755625,22.81,49.0
2.00029,4208.30239,3.8944198575526245,22.81,49.0
1.75029,4204.0008,2.993252449426914,22.81,49.2
1.50029,4213.00063,1.97559558819619,22.81,49.0
1.25029,4219.335250000001,2.324154562953968,22.81,49.0
1.0003,4221.66151,4.13690405435024,22.81,49.1
0.7503,4222.22335,3.620459985485279,22.81,49.1
0.5003,4233.40907,2.9447308440839626,22.81,49.2
0.2503,4236.537969999999,3.840804275942713,22.81,49.1
0.0003,4243.02564,2.9089060133322056,22.81,49.0
-0.2497,4246.29975,4.896061926946974,22.81,49.1
-0.4997,4251.24735,1.8421569977882142,22.81,49.1
-0.7497,4255.9614,3.5012473725802318,22.81,49.0
-0.9997,4257.556849999999,2.355275741500394,22.81,49.0
-1.24969,4261.635239999999,2.2247945748765257,22.81,49.1
-1.49969,4267.73029,2.9578941926478772,22.81,49.0
-1.74969,4272.88285,4.185820769514622,22.81,49.2
-1.99969,4271.7840400000005,3.0750658627743395,22.81,49.0
-2.24969,4277.16663,3.5839562846244335,22.81,49.1
-2.49969,4284.3003100000005,3.5145521852576733,22.81,49.0
-2.74969,4289.9453699999995,3.619848926143294,22.81,49.1
-2.99969,4291.47686,2.4842655945771557,22.81,49.0
-3.24968,4295.08517,3.213003257094665,22.81,48.9
-3.49968,4303.048629999999,4.285968122618253,22.81,48.9
-3.74968,4303.09292,1.5432574735280276,22.81,49.1
-3.99968,4309.652620000001,4.5644134540594985,22.87,48.9
-4.24968,4313.524530000001,3.5762216103172193,22.81,49.0
-4.49968,4317.75813,4.183589360118933,22.87,49.0
-4.74968,4321.35363,4.31622302413823,22.87,49.0
-4.99968,4326.12943,1.9203097432707206,22.81,49.0
-5.24967,4330.45915,1.7447674448188835,22.81,49.0
-5.49967,4336.93278,2.6197879428686033,22.87,49.0
-5.74967,4336.5868199999995,3.165695253115923,22.81,48.9
-5.99967,4342.93014,2.23930659990992,22.81,49.1
-6.24967,4348.25333,3.0868784099961513,22.87,49.0
-6.49967,4344.55681,3.9055727319945577,22.87,48.9
-6.74967,4356.1410399999995,3.267633422279666,22.81,48.9
-6.99967,4358.683799999999,3.5257047199104745,22.81,49.0
-7.24966,4363.098970000001,2.739046058411578,22.87,49.0
-7.49966,4366.6333399999985,2.890903050328823,22.81,48.9
-7.74966,4371.04804,3.353053968906602,22.87,49.0
-7.99966,4377.31938,3.6833857025296073,22.87,49.0
-8.24966,4384.051430000001,2.5972362099162707,22.87,49.0
-8.49966,4386.76475,3.7969436256679026,22.87,49.0
-8.74966,4388.856569999999,3.634292580420639,22.87,49.0
-8.99966,4389.48648,3.228917779938081,22.87,48.9
-9.24965,4395.9899399999995,4.352133293500921,22.87,49.0
-9.49965,4398.5409500000005,3.9255116574150013,22.87,49.0
-9.74965,4403.36562,2.717913158583154,22.87,49.0
-9.99965,4409.789180000001,5.229380556968459,22.87,49.1
-10.24965,4416.198880000001,3.14337224865268,22.81,49.0
-10.49965,4425.090770000001,3.2828356361687656,22.87,49.0
-10.74965,4427.5335700000005,4.317127416708912,22.87,49.0
-10.99965,4426.70819,3.3036761997659485,22.87,49.0
-11.24964,4432.83093,3.014940943716797,22.87,49.1
-11.49964,4435.98043,3.0167372845675926,22.87,49.0
-11.74964,4439.016,2.1772117007768887,22.87,48.9
-11.99964,4444.40883,3.3320809582150726,22.87,49.1
-12.24964,4447.78091,4.566733047475124,22.87,49.0
-12.49964,4455.97182,3.7634089019927837,22.87,49.0
-12.74964,4460.0087300000005,3.0848829248612293,22.87,49.0
-12.99964,4461.8792300000005,3.645057923558994,22.87,48.9
-13.24963,4469.7309399999995,3.0338729637873194,22.87,49.0
-13.49963,4469.437109999999,3.576066899947495,22.87,49.0
-13.74963,4482.16353,3.0880994899937666,22.87,49.0
-13.99963,4484.331700000001,3.9875365227168085,22.87,48.9
-14.24963,4492.68862,6.27022774718758,22.87,49.0
-14.49963,4494.52302,3.7013005181421437,22.87,49.1
-14.74963,4494.64852,3.6370868190901073,22.87,49.0
-14.99963,4502.7633399999995,2.407118345740289,22.87,49.0
-15.24962,4505.26093,3.8993852525878974,22.87,49.1
-15.49962,4507.8636,2.9718978266420875,22.87,48.8
-15.74962,4511.01313,4.806562844497218,22.87,49.0
-15.99962,4522.4763299999995,1.2796290541012556,22.87,49.0
-16.24962,4524.1676099999995,2.578130635344164,22.87,48.9
-16.49962,4533.605750000001,2.6682144315065126,22.87,49.0
-16.74962,4535.9690900000005,2.5724704913565315,22.87,49.0
-16.99962,4537.67669,2.4986896371698375,22.87,49.0
-17.24961,4543.61221,4.663566686014029,22.87,48.9
-17.49961,4549.814230000001,3.8804549872532395,22.87,49.0
-17.74961,4554.04381,3.5313116802260276,22.87,49.0
-17.99961,4559.912829999999,2.9419486147958427,22.87,49.0
-18.24961,4563.59554,4.95330579940317,22.93,48.9
-18.49961,4569.8703399999995,3.167840012121904,22.87,48.9
-18.74961,4574.08618,2.3922370211999584,22.93,48.9
-18.99961,4579.361419999999,3.4562303348591246,22.87,48.9
-19.24961,4584.48282,2.8147807498276882,22.93,48.9
-19.4996,4588.41636,2.169509690782748,22.93,48.9
-19.7496,4593.444260000001,2.425449964109615,22.93,48.9
-19.9996,4594.80531,2.205955241363585,22.93,48.8
-20.2496,4603.49107,3.462387366557957,22.93,48.9
-20.4996,4608.609829999999,2.288029309711718,22.93,48.9
-20.7496,4612.52258,4.723435829944219,22.93,49.0
-20.9996,4613.4032400000015,2.377847912798429,22.93,48.9
-21.2496,4620.01659,3.164857872148544,22.93,48.8
-21.49959,4622.21171,4.5346439287886815,22.93,48.8
-21.74959,4629.9104099999995,3.406918412128356,22.93,48.9
-21.99959,4639.14857,4.475398625161753,22.93,48.9
-22.24959,4644.35327,2.068563638397359,22.93,48.8
-22.49959,4648.55753,1.9498701515999248,22.93,48.8
-22.74959,4654.16813,2.3598568393230277,22.93,48.9
-22.99959,4654.880819999999,2.85765837209428,22.93,48.9
-23.24959,4661.84963,1.904238137970171,22.93,48.9
-23.49958,4666.619919999999,2.6310298302374227,22.93,48.8
-23.74958,4671.549540000001,3.529036866398575,22.93,48.9
-23.99958,4676.701430000001,3.63372774215418,22.93,48.7
-24.24958,4682.06632,4.689745651909166,22.93,49.0
-24.49958,4687.6347399999995,4.214920177939374,22.93,48.9
-24.74958,4691.99462,5.71856713885564,22.93,48.8
-24.99958,4696.548970000001,3.908411067185758,22.93,48.9
-25.24957,4703.284860000001,1.7850306301013283,22.93,48.8
-25.49957,4706.89144,3.022374848757149,22.93,48.8
-25.74957,4711.187459999999,4.269357937020488,22.93,49.0
-25.99957,4715.08882,2.0144570572736984,22.93,48.8
-26.24957,4717.889260000001,3.0156990755709354,22.93,49.0
-26.49957,4730.46044,3.4754636591970405,22.93,48.9
-26.74957,4734.6817599999995,3.2045168538174096,22.93,48.7
-26.99957,4738.452190000001,4.730158950490065,22.93,48.9
-27.24957,4746.93412,3.2012193713646724,22.93,48.8
-27.49957,4748.780349999999,3.091111924939125,22.93,49.0
-27.74956,4754.79603,3.3209014658825042,22.93,48.8
-27.99956,4757.350280000001,3.9369165629461307,22.93,48.8
-28.24956,4763.281110000001,1.721334836369541,22.93,48.7
-28.49956,4771.521000000001,3.047312087397588,22.93,48.9
-28.74956,4774.98745,3.602803596159521,22.93,48.6
-28.99956,4779.030110000001,2.318171571929141,23.0,48.7
-29.24956,4786.40356,1.8794416608130535,23.0,48.8
-29.49955,4790.39891,3.1163678423606194,23.0,48.7
-29.74955,4793.107129999999,2.749707524828699,22.93,48.6
-29.99955,4800.659850000001,6.580930627540612,23.0,48.8
-30.24955,4809.061479999999,4.528232507899638,22.93,48.7
-30.49955,4812.89114,2.804093547013069,22.93,48.7
-30.74955,4817.906080000001,4.691985125466685,23.0,48.7
-30.99955,4822.23955,3.190728517204313,23.0,48.7
-31.24955,4826.41906,1.890038169561675,23.0,48.7
-31.49954,4831.88933,2.401910403012457,23.0,48.6
-31.74954,4837.20599,5.320918745940603,23.0,48.7
-31.99954,4840.513639999999,2.5561230248952884,23.0,48.8
-32.24954,4848.98939,1.8470826421414277,23.0,48.8
-32.49954,4854.62169,4.194884870279449,23.0,48.7
-32.74954,4862.68052,1.7495768510128282,23.0,48.8
-32.99954,4868.33417,2.4538223562638057,23.0,48.8
-33.24953,4866.97367,3.238162223561408,23.0,48.7
-33.49953,4876.765649999999,4.1837941766415785,23.0,48.5
-33.74953,4881.700599999999,3.336283585668293,23.0,48.7
-33.99953,4885.77961,2.945469916821338,23.0,48.5
-34.24953,4892.17791,2.1513056335398426,23.0,48.5
-34.49953,4899.47899,1.7922066261733838,23.0,48.6
-34.74953,4909.2169,3.8419275688122685,23.0,48.6
-34.99953,4908.4914,3.64072532306408,23.0,48.6
-35.24953,4916.216109999999,3.8698375737102446,23.0,48.7
-35.49952,4923.10006,3.687711977147926,23.0,48.6
-35.74952,4929.131240000001,4.457650790539779,23.0,48.7
-35.99952,4933.70711,4.309054496162787,23.0,48.6
-36.24952,4940.47411,2.4973777397300494,23.0,48.6
-36.49952,4943.97315,1.4418061431758897,23.0,48.7
-36.74952,4950.88396,3.2191533580119422,23.0,48.6
-36.99952,4958.33316,4.138573215783502,23.0,48.6
-37.24952,4960.37912,5.487608597522211,23.0,48.6
-37.49952,4968.36431,3.0078266547292727,23.0,48.7
-37.74952,4972.11081,5.2114333626076315,23.0,48.6
-37.99951,4979.52354,2.818049068132242,23.0,48.6
-38.24951,4988.074390000001,2.4862890710655976,23.0,48.7
-38.49951,4997.23536,2.5491084869813343,23.0,48.6
-38.74951,5000.82225,2.382005203289799,23.0,48.7
-38.99951,5003.994769999999,4.62353579245372,23.0,48.6
-39.24951,5007.44361,3.298970069112462,23.0,48.6
-39.4995,5013.52143,2.686765234645611,23.0,48.5
-39.7495,5017.66709,3.4577782096165848,23.0,48.6
-39.9995,5029.45955,4.904298399006613,23.0,48.6
-40.2495,5034.927189999999,1.5154421146649222,23.0,48.6
-40.4995,5041.935640000001,4.6006358752242305,23.0,48.6
-40.7495,5050.834559999999,2.601252006323078,23.0,48.4
-40.9995,5056.90467,2.0101170528353958,23.0,48.6
-41.2495,5064.147490000001,2.8577421599753356,23.0,48.7
-41.4995,5066.52481,3.661427334373814,23.0,48.5
-41.74949,5073.474829999999,3.9159171058769973,23.0,48.4
-41.99949,5076.1635400000005,4.559007480186837,23.0,48.6
-42.24949,5081.76676,4.502832461506776,23.0,48.6
-42.49949,5091.011799999999,3.691656160857934,23.0,48.7
-42.74949,5092.733040000001,3.3760469093897036,23.0,48.6
-42.99949,5101.01521,4.465561338611355,23.0,48.5
-43.24949,5109.01624,2.597364981360956,23.0,48.5
-43.49949,5115.666300000001,2.371938790104024,23.0,48.6
-43.74949,5122.787850000001,1.924973197865389,23.0,48.6
-43.99948,5129.15384,2.8564769388881923,23.0,48.5
-44.24948,5132.34428,2.768399173818702,23.0,48.6
-44.49948,5137.27377,1.8649858123051672,23.0,48.4
-44.74948,5146.79424,3.1287141637418876,23.0,48.5
-44.99948,5152.081749999999,2.964368329425304,23.0,48.7
-45.24948,5155.42503,2.8913864798915516,23.0,48.5
-45.49947,5164.83884,3.1710443412857727,23.0,48.6
-45.74947,5173.41885,4.140396368767074,23.0,48.6
-45.99947,5183.127060000001,3.5551827497892505,23.0,48.6
-46.24947,5185.06995,3.9916922397022825,23.0,48.6
-46.49947,5189.70282,3.146898225491286,23.0,48.6
-46.74947,5199.5080499999995,3.904589012495455,23.0,48.6
-46.99947,5206.79197,2.3207531911213635,23.0,48.7
-47.24947,5211.99072,4.426850131142982,23.0,48.6
-47.49947,5214.76746,4.378668301938322,23.0,48.6
-47.74947,5218.828210000001,2.520834664332413,23.0,48.7
-47.99946,5223.69175,3.0902040609805628,23.0,48.5
-48.24946,5229.28117,4.290360877373829,23.0,48.6
-48.49946,5236.837129999999,1.481071443280204,23.0,48.6
-48.74946,5244.73855,2.6178228852426573,23.0,48.5
-48.99946,5248.14927,4.293140748461406,23.06,48.6
-49.24946,5253.76239,3.5833242888274413,23.0,48.4
-49.49945,5255.486440000001,2.2008081439326537,23.0,48.5
-49.74945,5262.564810000001,5.446976216480085,23.0,48.6
-49.99945,5268.27224,1.802973735915094,23.0,48.4
-50.24945,5272.49007,1.7707389079421312,23.0,48.4
-50.49945,5280.61694,4.504582623995306,23.0,48.4
-50.74945,5284.908890000001,2.5412069244553637,23.0,48.4
-50.99945,5285.181750000001,1.7670893176349827,23.0,48.6
-51.24945,5287.5019,2.69331326807697,23.0,48.5
-51.49945,5291.778909999999,3.10746675942006,23.0,48.6
-51.74944,5294.384899999999,1.6951936679917585,23.06,48.4
-51.99944,5292.1596,2.236846595097673,23.0,48.5
-52.24944,5291.1690100000005,1.6262034973827488,23.0,48.6
-52.49944,5294.665709999999,2.702571411618991,23.0,48.4
-52.74944,5289.54552,2.9370919828292656,23.06,48.5
-52.99944,5282.59055,3.883997412524783,23.0,48.3
-53.24944,5279.664930000001,2.7511085195062357,23.0,48.5
-53.49944,5271.61541,1.7983951692828248,23.0,48.5
-53.74944,5265.06067,1.416207936038882,23.06,48.5
-53.99943,5253.765139999999,1.190459155284206,23.06,48.4
-54.24943,5242.798990000001,1.763886288540178,23.06,48.5
-54.49943,5231.20217,1.3145213828994984,23.06,48.3
-54.74943,5215.69451,1.199020877591324,23.06,48.3
-54.99943,5197.6682,0.8848730869452364,23.06,48.3
-55.24943,5180.55556,0.852957990993575,23.06,48.5
-55.49943,5159.82673,1.6018016394359367,23.06,48.4
-55.74942,5138.67605,1.4293346873632067,23.0,48.4
-55.99942,5114.44953,1.2219555295099078,23.0,48.4
-56.24942,5088.75827,1.1787931922520065,23.06,48.4
-56.49942,5061.17076,0.7918019174009414,23.06,48.4
-56.74942,5032.68197,1.0116897242239207,23.06,48.4
-56.99942,5003.3667700000005,1.073891633313043,23.06,48.4
-57.24942,4970.98253,2.670153885846332,23.06,48.3
-57.49942,4931.21725,1.860791617699341,23.06,48.4
-57.74942,4895.120560000001,1.3355336799946427,23.0,48.3
-57.99941,4861.913440000001,0.9380949250475619,23.06,48.3
-58.24941,4827.07298,1.3204919354544333,23.06,48.4
-58.49941,4793.16476,1.2761866597014684,23.0,48.3
-58.74941,4757.34347,2.2011297731163704,23.06,48.5
-58.99941,4720.04672,1.4672846123367704,23.06,48.4
-59.24941,4687.5167200000005,1.278976118463411,23.0,48.4
-59.4994,4655.67444,1.1787559715225608,23.06,48.5
-59.7494,4623.8827,2.1610002781120556,23.0,48.5
-59.9994,4587.3616999999995,2.831725520243874,23.06,48.4